5 0.4910465385505904 0.051236111111111114 0.5549733734660802 0.07304513888888889
2 0.14373234545033572 0.1821701388888889 0.06813382727483214 0.019840277777777793
2 0.46351007177587406 0.18204513888888887 0.042769159527668445 0.019586805555555566
2 0.14347765686501504 0.7234965277777778 0.0780111136837231 0.022246527777777678
2 0.14184996526973837 0.9238055555555555 0.10823338735818477 0.019499999999999948
4 0.04287798101412364 0.2160347222222222 0.053433665200277834 0.020052083333333335
4 0.03458902523732345 0.6182604166666666 0.040317203056263025 0.019510416666666686
4 0.14178050474646908 0.25731944444444443 0.2335633248437138 0.04777430555555553
1 0.14416068534382956 0.3879583333333333 0.26965732808520493 0.1970833333333333
4 0.14927992590877517 0.5089895833333333 0.24922898819171105 0.033267361111111095
4 0.1555614725630933 0.5450625 0.23646214401481824 0.03144097222222229
4 0.1555545265107664 0.5801388888888889 0.23578143088677933 0.03261111111111114
4 0.14280157443852742 0.6648923611111112 0.24293818013429033 0.049159722222222195
4 0.1441004862236629 0.7726249999999999 0.24087057189164157 0.04869097222222207
4 0.14330400555684186 0.8158854166666667 0.23927761055799954 0.03224305555555544
4 0.14638110673767077 0.8605972222222222 0.24276684417689273 0.051687499999999886
4 0.4578907154433897 0.22720486111111113 0.31515165547580465 0.037531249999999974
4 0.38000694605232693 0.26322222222222225 0.14871729567029404 0.01459374999999999
1 0.465906459828664 0.3815173611111111 0.3504815929613336 0.21251388888888886
4 0.3859365593887474 0.5232083333333333 0.1553924519564714 0.016493055555555556
1 0.46804121324380643 0.6528645833333333 0.34582310720074094 0.23397222222222228
4 0.33415373929150266 0.7992743055555555 0.05015744385274372 0.014760416666666743
1 0.3799722157906923 0.9003333333333333 0.1618777494790461 0.17671874999999992
4 0.5595554526510766 0.8072083333333334 0.16566103264644588 0.02979166666666673
1 0.5550520953924519 0.8970902777777777 0.16781199351701778 0.14429513888888879
2 0.8228733503125722 0.1839583333333333 0.17344987265570735 0.022378472222222237
4 0.8279184996526975 0.22086805555555555 0.32915026626533905 0.03094097222222219
4 0.7046098633943042 0.2550173611111111 0.08364899282241253 0.01473958333333335
4 0.9266612641815235 0.25464930555555554 0.1310858995137763 0.013996527777777759
3 0.739546191247974 0.30004166666666665 0.17193331789766148 0.05960069444444448
3 0.913776337115073 0.3018645833333333 0.12261403102570043 0.07245138888888891
4 0.8257189164158371 0.3631979166666667 0.3247510997916183 0.03447916666666669
4 0.7290808057420699 0.3921909722222222 0.12477888400092615 0.013822916666666648
4 0.913341051169252 0.39245138888888886 0.13680250057883767 0.014347222222222279
3 0.7324982634869183 0.49240277777777774 0.15504978004167627 0.16989930555555555
4 0.7270178282009724 0.6182638888888888 0.11842556147256299 0.014173611111111168
3 0.7332507524890021 0.6788680555555556 0.1509724473257699 0.08936458333333337
4 0.7540125028941884 0.7517152777777778 0.17297059504514922 0.0133437500000001
1 0.8238620050937717 0.8248263888888889 0.3082079184996526 0.11522569444444457
2 0.6883468395461912 0.8958298611111111 0.05949293818013425 0.017114583333333322
1 0.9102570039360963 0.5710555555555555 0.15918499652697374 0.33390625