5 0.5133431444689723 0.05282638888888888 0.5753715967623252 0.08713541666666667
1 0.1921241108658327 0.21034375 0.21208486632327694 0.07801388888888891
4 0.032967868530782436 0.22859722222222223 0.052092224675006134 0.035927083333333346
4 0.1315354427274957 0.26751041666666664 0.2237870983566348 0.024055555555555545
4 0.145813097866078 0.28993402777777777 0.25298013245033113 0.018079861111111088
4 0.04808437576649496 0.3194340277777778 0.07603875398577385 0.02138194444444442
4 0.16931322050527348 0.35375694444444444 0.2859013980868285 0.043885416666666704
4 0.14985283296541577 0.40060069444444446 0.2469806230071131 0.04393055555555555
4 0.04284032376747608 0.44069444444444444 0.07130242825607064 0.025052083333333364
4 0.17167770419426046 0.4740347222222222 0.3030929605101791 0.03473263888888896
4 0.17350502820701494 0.5237430555555556 0.30674515575177824 0.056795138888888944
4 0.16858474368408147 0.5760138888888889 0.29594800098111357 0.040555555555555615
2 0.16760363012018642 0.6206284722222223 0.11183713514839344 0.027996527777777815
4 0.15871474123129753 0.6618819444444445 0.30496934020112826 0.02500694444444444
1 0.07767966642138828 0.7353611111111111 0.14768947755702722 0.1149618055555556
0 0.21276674025018397 0.6913680555555556 0.07657836644591612 0.025621527777777764
0 0.22060338484179542 0.722232638888889 0.08937454010301689 0.027638888888888935
4 0.23932548442482218 0.7683819444444444 0.175710080941869 0.052083333333333336
4 0.14321069413784646 0.8290138888888888 0.2710816777041943 0.048493055555555505
4 0.17178807947019867 0.8790590277777778 0.06364483688987001 0.019652777777777904
4 0.26528574932548443 0.879125 0.0713711062055433 0.018427083333333233
4 0.16059112092224676 0.9079965277777778 0.3048834927642875 0.02053125000000004
4 0.16247731174883492 0.93259375 0.2816065734608781 0.02774305555555543
4 0.16143733137110616 0.9576944444444444 0.27952415992151086 0.020118055555555417
4 0.1571523178807947 0.9820173611111112 0.27012263919548685 0.02627777777777788
2 0.49978906058376266 0.19008680555555557 0.24930340936963455 0.032041666666666656
4 0.42291636006867794 0.2449513888888889 0.1705837625705176 0.023753472222222252
0 0.5806450821682609 0.2461458333333333 0.13924699533971058 0.06981249999999999
4 0.35228844738778514 0.27245138888888887 0.02932793720873195 0.01975000000000004
4 0.4887932303164091 0.304875 0.3031739023792004 0.03856944444444442
4 0.4881138091734118 0.34118055555555554 0.2826416482707873 0.02503472222222219
1 0.4897154770664704 0.40097222222222223 0.2508290409614913 0.09033333333333328
4 0.49711797890605836 0.4904965277777778 0.29731420161883737 0.022736111111111117
4 0.4209614912926171 0.4596388888888889 0.10665194996320829 0.018843749999999992
4 0.5566813833701252 0.458875 0.09548687760608295 0.01850000000000007
4 0.4543978415501594 0.6133194444444444 0.23438067206279126 0.018197916666666616
1 0.49609271523178805 0.5511458333333333 0.2569143978415502 0.09211111111111119
0 0.4998233995584989 0.6528576388888889 0.25937699288692667 0.047701388888888925
4 0.4710129997547216 0.7045590277777778 0.2659455481972038 0.046076388888888827
0 0.49963698798135886 0.7575381944444445 0.23982585234240858 0.041107638888889006
2 0.49987245523669366 0.8005729166666667 0.2219597743438803 0.030402777777777917
4 0.48114545008584747 0.8356805555555556 0.2862079960755457 0.02154861111111125
0 0.500073583517292 0.8705034722222222 0.3240642629384351 0.03927083333333346
4 0.48669855285749325 0.9157118055555555 0.2998160412067696 0.04354166666666654
4 0.5088128525876869 0.9533298611111112 0.29069168506254606 0.02318402777777793
4 0.506943831248467 0.9792743055555555 0.28695609516801573 0.021972222222222133
4 0.8190041697326466 0.18791319444444446 0.30418199656610245 0.02297222222222223
4 0.8334486141770909 0.22378125000000001 0.31473387294579347 0.03923958333333333
4 0.8176551385822909 0.25389236111111113 0.2573019376992888 0.018031250000000023
4 0.7537601177336276 0.2742777777777778 0.1303482953151828 0.01868055555555554
4 0.8191562423350502 0.2948472222222222 0.28448368898700027 0.02205555555555555
4 0.7956291390728477 0.3237743055555556 0.2566028942850135 0.02208680555555552
4 0.732869757174393 0.3531076388888889 0.13108167770419427 0.01938541666666664
4 0.9036791758646063 0.35111111111111115 0.1784277655138582 0.021295138888888863
1 0.8315894039735099 0.43227430555555557 0.3251876379690949 0.12697222222222215
4 0.8197326465538387 0.5133611111111112 0.3014716703458426 0.02834027777777774
2 0.8337772872209959 0.5601423611111112 0.2695413294088791 0.027496527777777797
4 0.8285038018150601 0.6293923611111112 0.31984792739759615 0.0833819444444444
1 0.832982585234241 0.7586736111111111 0.32547461368653424 0.16729166666666673
4 0.8070321314692176 0.8723611111111111 0.25606573460878107 0.040625
4 0.8371081677704194 0.9134097222222222 0.3195535933284277 0.03893402777777782
4 0.8346406671572234 0.9683611111111111 0.29877851361295066 0.046170138888888976