5 0.28996771217712175 0.05104 0.5568726937269373 0.08208
2 0.11437730627306274 0.14064666666666667 0.13688191881918818 0.03831333333333331
3 0.49715867158671584 0.21767999999999998 0.9258994464944649 0.11045333333333336
2 0.16154059040590407 0.3030666666666667 0.2136116236162362 0.041073333333333344
2 0.6091881918819189 0.3081933333333334 0.20385147601476006 0.04285333333333331
2 0.1330119926199262 0.6326866666666666 0.07836254612546124 0.03918666666666665
2 0.5945664206642066 0.6315466666666667 0.11205719557195574 0.03691333333333326
4 0.2466190036900369 0.37308 0.37985701107011066 0.051140000000000026
4 0.25585332103321035 0.43126 0.3944234317343174 0.04883333333333333
4 0.23970940959409598 0.49111999999999995 0.36213099630996304 0.04424666666666675
4 0.2530950184501845 0.5514866666666667 0.38890682656826575 0.04630666666666669
4 0.6702214022140222 0.5892 0.292689114391144 0.022853333333333316
1 0.23225092250922508 0.7958999999999999 0.3804474169741697 0.2639133333333333
4 0.73864852398524 0.7406066666666667 0.42563653136531376 0.045966666666666545
4 0.7418219557195572 0.7872399999999999 0.430880996309963 0.043166666666666666
4 0.7327583025830258 0.8236266666666667 0.41190959409594097 0.02386666666666679
1 0.6679658671586717 0.45243999999999995 0.3119511070110701 0.24153999999999998