5 0.3284267589388697 0.05275666666666667 0.6360922722029989 0.038846666666666675
2 0.11367474048442906 0.14037 0.13969319492502888 0.037410000000000006
2 0.6094948096885813 0.3048033333333333 0.1979423298731257 0.037060000000000023
2 0.16227912341407152 0.30196 0.10982006920415223 0.029373333333333373
2 0.1335363321799308 0.6308833333333334 0.05510495963091117 0.0305933333333334
2 0.5925720876585929 0.62715 0.06712110726643604 0.031129999999999956
4 0.263121107266436 0.38675 0.42233448673587076 0.07683666666666673
4 0.24641753171856978 0.4928166666666667 0.3833886966551327 0.05474333333333334
4 0.6193310265282584 0.35844 0.207919261822376 0.028223333333333357
4 0.5974602076124567 0.39715 0.12815916955017295 0.027566666666666607
4 0.5542283737024222 0.42566333333333334 0.03870818915801619 0.020596666666666655
4 0.5906782006920416 0.4567 0.11108881199538632 0.027089999999999993
4 0.564083044982699 0.5076999999999999 0.08025144175317193 0.022429999999999988
4 0.5467128027681661 0.5667666666666666 0.043949250288350734 0.027149999999999938
4 0.6851787773933102 0.5070066666666666 0.0796955017301037 0.02405000000000003
4 0.7117208765859285 0.5656866666666667 0.13069896193771624 0.024989999999999932
1 0.8409250288350634 0.4131933333333333 0.22796770472895037 0.11508333333333333
4 0.20146943483275664 0.6814399999999999 0.29065974625144175 0.02365333333333327
4 0.2224244521337947 0.7424633333333333 0.3387843137254902 0.07489000000000003
4 0.22546251441753168 0.8123433333333334 0.3424106113033448 0.051960000000000034
4 0.21582929642445214 0.8661066666666667 0.3215132641291811 0.05220000000000012
4 0.5832502883506343 0.67486 0.14725259515570938 0.01910000000000006
1 0.7051603229527105 0.7504466666666667 0.39347174163783155 0.1251899999999999
4 0.5512549019607843 0.8293633333333333 0.08241061130334487 0.02175
4 0.7145859284890427 0.8513866666666666 0.38187543252595163 0.01955666666666669
4 0.7145351787773934 0.87571 0.3817739331026528 0.02195666666666663
4 0.7406205305651673 0.90004 0.4323437139561706 0.023223333333333356