5 0.31248000000000004 0.054197601370645346 0.59696 0.0798343803540834
1 0.118176 0.2931981724728726 0.206352 0.22946316390633922
1 0.499356 0.2883380925185608 0.548716 0.2197372929754426
1 0.882332 0.29171330668189605 0.20866399999999993 0.22648772130211312
2 0.071936 0.4414505996573387 0.10787200000000001 0.02910336950314108
2 0.46593199999999996 0.44176470588235295 0.303868 0.029725870930896604
2 0.375336 0.7297144488863506 0.12667200000000003 0.02882352941176459
2 0.744104 0.4417818389491719 0.19021200000000008 0.038338092518560886
2 0.6935399999999999 0.729982866933181 0.08908400000000001 0.02936036550542539
4 0.155432 0.5045459737292975 0.280864 0.07818960593946321
4 0.15551199999999998 0.6519017704169047 0.28102800000000006 0.08450599657338652
4 0.153412 0.7922272986864649 0.28081999999999996 0.08245573957738442
4 0.153828 0.9320102798400914 0.281656 0.0793260993717876
4 0.472728 0.5063620788121074 0.31745200000000007 0.07611650485436891
1 0.36862 0.6152427184466019 0.09124400000000005 0.1139805825242718
0 0.526504 0.5835750999428898 0.19100799999999998 0.04493432324386069
0 0.524392 0.6489663049685893 0.19877999999999993 0.06720731010850933
1 0.472264 0.8430439748715021 0.30253199999999997 0.15553398058252435
4 0.47054799999999997 0.9635979440319817 0.31509599999999993 0.031136493432324375
4 0.818932 0.5065790976584809 0.337868 0.07654483152484293
0 0.8164279999999999 0.6175042832667047 0.27685599999999994 0.0842432895488293
3 0.8183199999999999 0.8344031981724729 0.338636 0.16966304968589374
4 0.817656 0.9501370645345517 0.33731200000000006 0.05275842375785272