5 0.5050030921459492 0.04402777777777778 0.7172850958565243 0.07262037037037038
2 0.05029993815708101 0.14322685185185186 0.06531539888682744 0.023689814814814796
2 0.34267470624613483 0.13906018518518518 0.04849721706864568 0.02348611111111112
2 0.7615058750773036 0.1402037037037037 0.128982683982684 0.02577314814814813
2 0.7346072974644403 0.8265694444444445 0.06975572047000624 0.02511574074074074
4 0.15195114409400123 0.1702824074074074 0.08407854050711193 0.01686111111111109
4 0.15332714904143477 0.2683009259259259 0.0804947433518862 0.016500000000000046
1 0.15940630797773656 0.2174074074074074 0.28171923314780456 0.07589351851851855
1 0.15730983302411874 0.34532870370370367 0.2757204700061842 0.13533796296296294
4 0.03847866419294991 0.43111574074074077 0.04258503401360545 0.015717592592592613
4 0.16619975262832407 0.4298888888888889 0.020306122448979596 0.014611111111111085
4 0.05726654298082869 0.4493009259259259 0.057544836116264694 0.01551851851851851
4 0.07652442795299937 0.466287037037037 0.09334570191713049 0.014273148148148115
4 0.2246691403834261 0.45291666666666663 0.11643475572046999 0.02952314814814814
4 0.044412492269635125 0.48928703703703696 0.05354359925788496 0.01422222222222213
4 0.15292826221397648 0.5195925925925926 0.2515769944341373 0.03420370370370376
4 0.15375077303648732 0.5578472222222223 0.25141311069882505 0.0294444444444444
4 0.15999690785405069 0.601199074074074 0.26209956709956705 0.03353240740740733
2 0.07856833642547928 0.6551388888888888 0.1263790970933828 0.020865740740740817
4 0.15576994434137292 0.6915324074074074 0.2717377860235003 0.031351851851851756
4 0.14740878169449598 0.823199074074074 0.2495887445887446 0.029217592592592653
3 0.1551917130488559 0.7569953703703703 0.27872294372294376 0.09862037037037036
3 0.15765924551638838 0.906736111111111 0.2764162028447743 0.13534259259259254
1 0.49608534322820036 0.30992592592592594 0.3462708719851576 0.29208333333333336
4 0.3511255411255411 0.46984722222222225 0.05001546072974644 0.013268518518518556
4 0.4105473098330241 0.49146296296296293 0.14986394557823124 0.028055555555555514
4 0.39283858998144716 0.5133148148148148 0.1135405071119357 0.013518518518518435
0 0.4094805194805195 0.5478842592592593 0.15496907854050712 0.05015277777777775
4 0.38856524427953 0.5846898148148149 0.10499381570810148 0.019467592592592675
0 0.3841403834260977 0.6084953703703704 0.10157081014223872 0.022388888888888948
4 0.5855009276437848 0.4695462962962963 0.16324984539270262 0.014023148148148132
4 0.5867501546072974 0.4928472222222222 0.14765306122448973 0.029467592592592635
0 0.5862708719851577 0.5385555555555556 0.13855905998763146 0.05316666666666674
4 0.5927458256029685 0.5803333333333334 0.16145640074211498 0.02972685185185187
0 0.5896289424860853 0.6125416666666667 0.16426716141001863 0.03454629629629625
2 0.48130179344465057 0.6584120370370371 0.3185064935064934 0.027412037037037054
1 0.49398577612863326 0.742662037037037 0.27783858998144717 0.12548148148148147
4 0.4963234384662957 0.8241574074074074 0.287943722943723 0.016236111111111187
3 0.4120408163265306 0.8612407407407408 0.16099257884972173 0.05247685185185181
3 0.5802597402597403 0.859087962962963 0.13739022881880023 0.05088425925925919
4 0.4898670377241806 0.9069212962962964 0.2677922077922078 0.015162037037037036
3 0.41068954854669143 0.9419490740740739 0.15286332714904147 0.05407407407407405
3 0.5883116883116882 0.9417824074074074 0.1598206555349412 0.05238425925925919
1 0.8385064935064935 0.29720370370370375 0.28411255411255404 0.24263425925925933
1 0.8390692640692641 0.613375 0.2897557204700061 0.35505555555555557