5 0.34690036900369003 0.05323333333333333 0.6730442804428045 0.04313333333333333
2 0.11377767527675277 0.13926666666666668 0.13761531365313653 0.03520000000000001
3 0.4963422509225092 0.21580666666666665 0.9281134686346864 0.10827333333333332
2 0.16212638376383764 0.3018533333333333 0.20893911439114393 0.033713333333333366
2 0.6106872693726937 0.30042 0.20431273062730618 0.04417999999999999
2 0.1356918819188192 0.6331333333333333 0.07765682656826568 0.03626000000000007
2 0.5950046125461255 0.63244 0.11066881918819181 0.0348733333333333
4 0.24749538745387456 0.37235999999999997 0.3750645756457565 0.044719999999999954
4 0.2567481549815498 0.4340266666666666 0.39587638376383766 0.048046666666666626
4 0.2404658671586716 0.49158 0.36331642066420655 0.043166666666666666
4 0.25381457564575644 0.5511133333333333 0.3900138376383764 0.04888666666666662
1 0.5505350553505535 0.46406000000000003 0.0940728782287822 0.25416
1 0.683579335793358 0.43374 0.1672370848708488 0.14976000000000006
4 0.6808856088560886 0.53154 0.13762915129151296 0.03651333333333332
4 0.6796540590405904 0.5626466666666667 0.13429889298892983 0.017453333333333376
1 0.8503643911439114 0.3896133333333333 0.15475553505535045 0.10526666666666669
3 0.8594972324723248 0.47942 0.16090867158671582 0.06106666666666661
4 0.8617850553505535 0.5306066666666667 0.1957656826568266 0.023386666666666618
4 0.8334547970479705 0.54992 0.1365129151291513 0.013253333333333407
4 0.23383763837638374 0.6754333333333333 0.3710424354243542 0.02600666666666666
1 0.2632380073800738 0.7964066666666666 0.4369372693726938 0.18169333333333332
4 0.7383625461254613 0.7404 0.43359778597785975 0.0491266666666667
4 0.7414437269372693 0.78882 0.4369142066420664 0.04325999999999992
4 0.7334086715867159 0.8263266666666667 0.41942343173431734 0.025846666666666653