5 0.19757638888888887 0.07393402777777779 0.27709490740740733 0.11661805555555556
2 0.05475925925925926 0.17957986111111113 0.060087962962962975 0.021652777777777764
2 0.06661111111111111 0.6110520833333333 0.07914583333333335 0.02823263888888887
2 0.4388958333333333 0.1787083333333333 0.15353240740740734 0.025076388888888898
2 0.4461805555555556 0.5608055555555556 0.16978009259259255 0.022635416666666686
2 0.7761689814814815 0.17822222222222223 0.1399027777777778 0.024104166666666673
2 0.8016296296296296 0.6154201388888889 0.1916643518518518 0.023427083333333265
4 0.17853935185185185 0.22056944444444446 0.2681203703703703 0.03453125000000001
1 0.18499074074074076 0.4178125 0.30198148148148146 0.31358333333333327
4 0.16897453703703705 0.6717013888888889 0.2624189814814815 0.058111111111111155
4 0.15539814814814815 0.7220833333333333 0.23274768518518518 0.036767361111111146
4 0.16594212962962962 0.7730625 0.2529976851851852 0.056899305555555516
1 0.45678009259259256 0.27584722222222224 0.19433796296296296 0.15515277777777775
1 0.6026250000000001 0.44936458333333335 0.18138425925925925 0.17992361111111105
4 0.645412037037037 0.28428472222222223 0.0714143518518519 0.09523958333333332
4 0.41101388888888885 0.4560763888888889 0.07343055555555561 0.09389583333333336
1 0.4222268518518518 0.635625 0.11012268518518524 0.11687847222222227
1 0.5958333333333333 0.6417465277777777 0.19297453703703696 0.1338993055555556
4 0.5222314814814815 0.7372291666666666 0.3193611111111112 0.050694444444444445
2 0.4209421296296296 0.7777326388888889 0.11846296296296291 0.024701388888889002
3 0.5339907407407408 0.8818611111111112 0.23965740740740735 0.1725277777777778
1 0.8493773148148147 0.30172916666666666 0.2502337962962962 0.21951388888888887
1 0.8476597222222223 0.5116006944444444 0.2568680555555557 0.14578124999999997
1 0.8479907407407409 0.7172708333333333 0.21488888888888893 0.17720486111111117
1 0.8463449074074074 0.9170138888888889 0.2502175925925927 0.11182291666666673
2 0.7760069444444444 0.8453194444444444 0.1412592592592592 0.022659722222222296