5 0.5104004629629629 0.08409722222222221 0.8332013888888887 0.05753124999999999
2 0.07212037037037038 0.28847569444444443 0.07585879629629629 0.020819444444444456
2 0.3000833333333333 0.29495486111111113 0.05418287037037041 0.01935069444444445
2 0.5468402777777778 0.29578125 0.07462962962962955 0.02209027777777774
2 0.7953935185185185 0.7345625 0.07765046296296292 0.02910069444444458
4 0.1391851851851852 0.34127083333333336 0.20924768518518522 0.07950347222222223
4 0.14177546296296298 0.4062951388888889 0.21363194444444442 0.048663194444444474
4 0.14261342592592594 0.4561840277777778 0.21531018518518522 0.0495208333333333
4 0.1377523148148148 0.49646874999999996 0.20796990740740742 0.03236458333333335
4 0.14471990740740742 0.5537569444444445 0.22349537037037037 0.07901388888888887
4 0.14577777777777778 0.62709375 0.22481481481481486 0.06360416666666661
1 0.14567824074074076 0.737454861111111 0.21428703703703705 0.1496597222222223
4 0.13896990740740742 0.8559513888888889 0.20802314814814818 0.0684444444444444
4 0.379962962962963 0.3598194444444444 0.21250462962962957 0.09276388888888888
4 0.3360740740740741 0.42100347222222223 0.12631712962962965 0.017302083333333308
4 0.3770324074074074 0.4454479166666667 0.20346527777777773 0.029246527777777784
0 0.3737361111111111 0.4756215277777778 0.11900925925925923 0.028809027777777708
4 0.3778287037037037 0.54396875 0.20885648148148142 0.09626041666666667
4 0.32969444444444446 0.6006111111111111 0.1127615740740741 0.01540972222222226
4 0.37144212962962964 0.63259375 0.19466898148148154 0.04719097222222217
0 0.3716134259259259 0.6720277777777778 0.0607384259259259 0.029527777777777764
4 0.3802222222222222 0.7471979166666666 0.2162037037037037 0.11312847222222228
0 0.3809814814814815 0.81953125 0.10887037037037041 0.02659027777777775
4 0.3777337962962963 0.8610451388888889 0.20884027777777775 0.048840277777777726
4 0.554025462962963 0.32514930555555555 0.08471296296296298 0.017465277777777764
3 0.6218935185185185 0.3737361111111111 0.21250462962962974 0.0693541666666667
4 0.6167847222222222 0.512361111111111 0.21659027777777778 0.1931388888888888
1 0.6188449074074074 0.6994305555555556 0.21673842592592582 0.1653784722222223
4 0.6202291666666666 0.8506944444444444 0.21950694444444432 0.10441319444444445
2 0.8314722222222223 0.2940173611111111 0.14939120370370368 0.01836805555555559
1 0.8663935185185184 0.3545729166666666 0.21504629629629618 0.10146180555555553
4 0.8662060185185185 0.47989930555555554 0.2197268518518518 0.14618055555555556
2 0.8162939814814815 0.5715486111111111 0.12074537037037035 0.018694444444444496
1 0.8632893518518518 0.6483784722222222 0.2189490740740741 0.12181250000000006
4 0.8665532407407408 0.8568472222222222 0.22126388888888893 0.2102743055555556