5 0.32726014760147604 0.05152 0.6337592250922508 0.04970666666666667
2 0.11391143911439115 0.14094 0.13787822878228784 0.03854666666666666
3 0.49567343173431727 0.21781333333333336 0.9175507380073801 0.10563333333333334
2 0.16041051660516603 0.30113999999999996 0.11787361623616235 0.032279999999999975
2 0.6062269372693727 0.3034866666666667 0.216139298892989 0.040313333333333354
2 0.1348570110701107 0.62992 0.06445571955719558 0.03650666666666666
2 0.5953182656826569 0.6280399999999999 0.07209870848708484 0.03607333333333327
4 0.2590267527675277 0.3918733333333333 0.4142666051660516 0.09375333333333341
4 0.253270295202952 0.49255333333333334 0.4050645756457565 0.06177333333333339
1 0.18721863468634686 0.7949933333333333 0.279880073800738 0.24665333333333334
4 0.41662361623616234 0.7233466666666667 0.1367527675276753 0.11003333333333339
4 0.41182656826568265 0.8094466666666668 0.12404981549815496 0.06075999999999992
4 0.40789206642066417 0.8813466666666666 0.11693726937269372 0.08034000000000015
1 0.7038330258302583 0.7383933333333332 0.39219557195571964 0.15619333333333332
4 0.5525 0.8297266666666666 0.08199261992619915 0.021773333333333235
4 0.7171586715867159 0.8529866666666667 0.3856734317343173 0.021439999999999904
4 0.7160055350553506 0.8765733333333333 0.3818634686346864 0.02285333333333347
4 0.7416559040590406 0.9023133333333333 0.43391143911439106 0.025306666666666693
4 0.610359778597786 0.4593466666666667 0.19912822878228784 0.23168
3 0.8379012915129151 0.4301466666666667 0.21207564575645765 0.17109333333333324
4 0.8318450184501845 0.56042 0.23164667896678967 0.03469333333333331