5 0.5028078703703704 0.07110416666666666 0.6071435185185187 0.08130902777777778
2 0.16978935185185184 0.21540625 0.06741435185185185 0.022569444444444444
2 0.5052291666666667 0.21807638888888886 0.07818750000000005 0.02339930555555559
2 0.8473657407407407 0.2162083333333333 0.04671990740740739 0.024177083333333294
4 0.16373379629629628 0.2828923611111111 0.2687685185185185 0.06729166666666665
4 0.16590046296296299 0.7027291666666666 0.2731018518518519 0.08879861111111119
4 0.0765138888888889 0.6441944444444444 0.09523148148148147 0.020489583333333408
1 0.16812037037037036 0.47419791666666666 0.2838611111111112 0.2981944444444445
1 0.16787962962962963 0.8637881944444444 0.2824814814814815 0.19418055555555547
1 0.5063842592592592 0.3583645833333333 0.38333333333333336 0.24262499999999995
4 0.5048541666666666 0.5157291666666667 0.3820833333333333 0.056156250000000005
4 0.5070532407407407 0.601125 0.38752546296296286 0.11145486111111119
4 0.5019120370370371 0.6890034722222222 0.3801412037037037 0.05789583333333326
4 0.5043981481481481 0.7561215277777779 0.3851157407407407 0.06837500000000002
0 0.5022384259259259 0.81115625 0.3790231481481482 0.03605208333333331
4 0.5001666666666666 0.8645347222222223 0.3757662037037037 0.03634722222222232
4 0.40706944444444443 0.9089930555555555 0.18868518518518515 0.01747222222222212
0 0.5007037037037037 0.9454756944444443 0.1905347222222222 0.03454861111111111
1 0.8465949074074074 0.3937569444444444 0.2870231481481483 0.30444791666666665
3 0.8473402777777779 0.6091875 0.2831921296296296 0.10985416666666671
3 0.8458680555555557 0.74725 0.2829097222222223 0.13579861111111116
3 0.8000555555555555 0.8993541666666667 0.19217361111111123 0.13526041666666672