5 0.5004913209767579 0.054607804493496254 0.36354221829949995 0.048778084351596376
2 0.03387761106207708 0.1624714229404809 0.06775522212415416 0.03278675601103664
2 0.41517505148573114 0.16340559716200237 0.16545160341276843 0.029873866771777675
2 0.7438040600176523 0.16310997240835634 0.13819064430714917 0.029278675601103653
4 0.13137099146807885 0.19938115884903432 0.2390408943807002 0.024059913283405607
4 0.1472992056487202 0.23378793851005125 0.26046484260076497 0.03825384312179738
4 0.15254192409532216 0.2797359085534096 0.2718976169461606 0.04250689791091838
1 0.15802588996763753 0.3991328340559716 0.25063842306560746 0.1872999605833662
4 0.14802588996763755 0.5545841545132045 0.2742483083259782 0.03839968466692947
0 0.1536893203883495 0.6034016554986203 0.21541629891144456 0.05093023255813955
4 0.12348337746396 0.6413559322033898 0.2251632833186231 0.017958218368151337
0 0.10709326272433069 0.6661292865589279 0.17938511326860843 0.02450926290894751
0 0.10752868490732569 0.6928104059913284 0.17905266254780816 0.028025226645644427
4 0.1293821712268314 0.781643673630272 0.23569285083848188 0.018986992510839604
4 0.13964107090320682 0.8260346866377611 0.2579199764636657 0.05739456050453287
3 0.1601323918799647 0.9573669688608594 0.2707090320682553 0.05675995270003942
1 0.4980111797587526 0.38390618841150964 0.323095027949397 0.3859440283799763
3 0.49703736393056774 0.9613243988963343 0.3107649308620182 0.07398502167914853
1 0.8324360105913503 0.31088687426093814 0.2340747278611356 0.25001576665352776
1 0.8390585466313621 0.6167008277493102 0.32187996469549857 0.17756799369333867
1 0.8400029420417771 0.8565707528577059 0.319994115916446 0.18312968072526611