5 0.3738837638376384 0.04988666666666666 0.7270110701107011 0.04311333333333332
2 0.11380073800738007 0.13885333333333333 0.13535055350553504 0.037700000000000004
3 0.4959455719557196 0.2179 0.9273154981549816 0.10913333333333335
2 0.12863007380073802 0.30158666666666667 0.11657749077490775 0.03317999999999999
2 0.5558348708487084 0.29933333333333334 0.08768450184501841 0.035339999999999996
2 0.16260147601476013 0.6314333333333333 0.2467942804428044 0.042866666666666636
2 0.5975507380073801 0.63194 0.1203828413284134 0.04054666666666663
4 0.26973247232472325 0.37806 0.4495156826568265 0.05945333333333338
4 0.26309963099631 0.4558733333333333 0.43625 0.061746666666666596
4 0.2584317343173432 0.5379466666666667 0.4269234317343174 0.0625666666666666
1 0.7341328413284133 0.4643333333333333 0.4488883763837638 0.26200666666666667
1 0.2640544280442805 0.7914666666666667 0.4473846863468634 0.2629266666666666
4 0.6208302583025831 0.6876000000000001 0.21065036900369005 0.022026666666666642
4 0.7387822878228781 0.7121066666666668 0.4455166051660516 0.020093333333333248
4 0.6337915129151291 0.7344200000000001 0.23553505535055344 0.01920000000000012
4 0.6906180811808118 0.7565266666666667 0.3483809963099631 0.015566666666666605
4 0.6381088560885609 0.7792666666666668 0.24659594095940954 0.019020000000000134
4 0.7216559040590406 0.80148 0.411259225092251 0.016759999999999914
4 0.6006642066420664 0.8246933333333333 0.16685424354243553 0.015340000000000145
4 0.7355857933579336 0.8470733333333332 0.43750922509225104 0.018079999999999926