5 0.500825 0.03908888888888889 0.4883175 0.05743555555555555
2 0.1281925 0.2033288888888889 0.119935 0.029466666666666648
4 0.13875 0.28917333333333334 0.2199275 0.1027022222222222
4 0.1377525 0.3608577777777778 0.2172525 0.038960000000000036
4 0.1373175 0.43039111111111117 0.21502750000000004 0.0985555555555556
4 0.138225 0.5235822222222222 0.21752000000000005 0.08383999999999994
2 0.1284425 0.6257422222222222 0.11667500000000001 0.025653333333333243
4 0.13754249999999998 0.719 0.21750999999999998 0.1218577777777777
4 0.1374025 0.8114622222222222 0.2140625 0.060982222222222236
4 0.13581000000000001 0.8732800000000001 0.21203499999999997 0.06091555555555553
1 0.4299449999999999 0.22550666666666666 0.32231249999999995 0.10528444444444446
2 0.428605 0.31981333333333334 0.08004999999999995 0.027035555555555525
4 0.4226825 0.37812444444444443 0.28338750000000007 0.04243555555555557
4 0.4372475 0.4506222222222222 0.31177499999999997 0.10067111111111111
1 0.4282475 0.5860844444444445 0.31743999999999994 0.1428577777777777
4 0.42897250000000003 0.7428533333333334 0.294485 0.08305777777777783
1 0.432225 0.8873200000000001 0.2521875 0.15640444444444448
2 0.8000349999999999 0.20404444444444444 0.05019250000000011 0.024231111111111103
4 0.8033975 0.26579555555555556 0.35861249999999995 0.06491999999999998
3 0.798175 0.36517777777777777 0.29862750000000005 0.1006488888888889
4 0.79573 0.44784 0.34771499999999994 0.05961333333333328
1 0.8019400000000001 0.5472977777777778 0.3852750000000001 0.13101333333333323
2 0.7996675 0.6794 0.08347000000000003 0.02319999999999992
4 0.8059125 0.7746755555555556 0.3636400000000001 0.12435111111111109
4 0.808415 0.8782666666666666 0.367905 0.0817688888888888
4 0.807905 0.939 0.36688750000000003 0.03891555555555573