5 0.48711574074074077 0.04726736111111111 0.6086759259259258 0.07832986111111112
2 0.07343287037037037 0.17898611111111112 0.0974837962962963 0.03389930555555557
2 0.48826157407407406 0.17859027777777778 0.10615277777777776 0.040048611111111104
2 0.07234027777777778 0.62653125 0.09992824074074075 0.030843749999999975
4 0.15966203703703705 0.21580555555555556 0.2945069444444444 0.020722222222222246
1 0.10186342592592591 0.3526840277777778 0.15776388888888887 0.22950694444444444
1 0.28452314814814816 0.3541145833333333 0.2011342592592593 0.2335798611111111
4 0.05310185185185185 0.4975625 0.0712175925925926 0.019302083333333383
4 0.2081875 0.5249652777777778 0.3746643518518518 0.01913541666666671
4 0.20824305555555556 0.5613784722222223 0.3806689814814815 0.043229166666666666
3 0.16336342592592593 0.7515659722222223 0.30423611111111115 0.20245486111111108
3 0.15987962962962962 0.9315868055555555 0.29643749999999996 0.09894444444444446
4 0.04605555555555555 0.8720173611111111 0.07045601851851852 0.016041666666666603
4 0.2241597222222222 0.6334166666666666 0.17510648148148147 0.01988194444444452
4 0.463925925925926 0.7982465277777777 0.282300925925926 0.03218055555555566
4 0.47189583333333335 0.6264722222222222 0.2990740740740741 0.01598263888888896
4 0.34192824074074074 0.6441493055555556 0.03914120370370374 0.015107638888888966
1 0.4261388888888889 0.7098020833333334 0.10260648148148153 0.13892013888888893
1 0.5415462962962962 0.7086319444444444 0.10435416666666676 0.1365798611111111
1 0.4744699074074074 0.894795138888889 0.3025555555555555 0.1565590277777779
1 0.7027708333333333 0.33360069444444446 0.5492500000000001 0.26362847222222224
4 0.7038703703703704 0.4872916666666667 0.5668148148148149 0.01808333333333331
4 0.6961550925925926 0.5203229166666666 0.5460138888888888 0.038583333333333296
4 0.7041921296296297 0.5648368055555556 0.5637523148148149 0.041399305555555564
4 0.7880925925925926 0.6307152777777778 0.29591203703703706 0.016979166666666698
1 0.8109791666666666 0.7568576388888889 0.32669212962962974 0.20303819444444443
4 0.8148726851851852 0.9252986111111111 0.34364583333333326 0.0926145833333335