5 0.3752859778597786 0.052033333333333334 0.729820110701107 0.04406
2 0.1145710332103321 0.13873333333333332 0.14150830258302582 0.04413333333333332
3 0.49738007380073795 0.21732666666666667 0.932490774907749 0.10798000000000002
2 0.1265221402214022 0.30222 0.1146678966789668 0.031106666666666647
2 0.5545018450184502 0.2999733333333333 0.08502306273062728 0.03660666666666665
2 0.1616928044280443 0.63264 0.2426660516605166 0.03862000000000004
2 0.5969418819188193 0.6304 0.11915590405904056 0.0374666666666667
4 0.2685793357933579 0.3784733333333334 0.45412822878228776 0.06362000000000004
4 0.2638653136531365 0.45702666666666664 0.4400922509225092 0.060719999999999955
4 0.2585562730627306 0.5348 0.431780442804428 0.05960000000000006
1 0.7337822878228782 0.4617466666666667 0.4481918819188191 0.26015333333333335
1 0.26412361623616243 0.7874466666666667 0.4429105166051661 0.25489333333333336
4 0.7329428044280443 0.7071200000000001 0.450899446494465 0.08507999999999993
1 0.7287177121771218 0.8390333333333333 0.4453690036900369 0.16746666666666654