5 0.4795555555555555 0.03740972222222222 0.3970046296296297 0.06040625
2 0.22362962962962965 0.16958333333333334 0.4096273148148148 0.023284722222222203
1 0.2569282407407408 0.3173472222222222 0.47382175925925935 0.25515277777777784
4 0.2549976851851852 0.49647916666666664 0.47236342592592595 0.0729270833333334
2 0.11557175925925925 0.567486111111111 0.19350925925925927 0.022774305555555607
4 0.17767824074074076 0.5934305555555556 0.3153194444444445 0.01700694444444445
0 0.254625 0.6324305555555556 0.14252314814814812 0.046961805555555555
4 0.24160416666666668 0.6636909722222223 0.4439722222222222 0.01579861111111111
0 0.25581712962962966 0.6997604166666667 0.2826273148148148 0.045902777777777716
4 0.2548125 0.7485555555555556 0.47279166666666667 0.0402048611111111
0 0.25604861111111116 0.7898506944444444 0.20462268518518523 0.03391319444444447
4 0.2549351851851852 0.838045138888889 0.4706319444444445 0.05343055555555559
0 0.25725925925925924 0.8825138888888888 0.18061805555555555 0.03547222222222217
4 0.2109837962962963 0.9124583333333334 0.3827337962962964 0.023295138888888938
0 0.2568587962962963 0.9391319444444444 0.2767060185185185 0.027399305555555507
4 0.12367129629629629 0.9678159722222222 0.21051157407407403 0.02351041666666668
2 0.5405208333333333 0.17064930555555557 0.06412731481481476 0.02301388888888888
4 0.6338171296296297 0.19753819444444443 0.25152083333333325 0.020336805555555535
1 0.7454953703703704 0.2949236111111111 0.38279398148148147 0.16466666666666668
4 0.74525 0.4060486111111111 0.47358796296296307 0.04220833333333331
3 0.7439953703703703 0.5151284722222222 0.38299537037037035 0.16427777777777774
4 0.7442939814814815 0.6230798611111111 0.473275462962963 0.04027777777777778
4 0.6303009259259259 0.6526666666666667 0.2452870370370371 0.015371527777777772
3 0.7446782407407407 0.7403506944444445 0.37875694444444435 0.14389583333333336
4 0.7441226851851852 0.8316111111111111 0.4753356481481481 0.02735416666666658
2 0.5370069444444444 0.8756562499999999 0.05790046296296299 0.021753472222222094
4 0.7441736111111111 0.9375694444444443 0.4714328703703704 0.09273611111111109