5 0.32698731257208774 0.05298 0.6330726643598615 0.04051666666666667
2 0.11382929642445212 0.13866666666666666 0.13707497116493658 0.037373333333333335
3 0.4960138408304498 0.21649666666666667 0.9223829296424452 0.11181333333333335
2 0.16278200692041522 0.3018166666666667 0.11218685121107265 0.034080000000000006
2 0.6090242214532872 0.30263999999999996 0.19265513264129178 0.03786666666666664
2 0.13526182237600923 0.6306166666666666 0.0601107266435986 0.03005666666666669
2 0.5929388696655132 0.62881 0.06564936562860442 0.028583333333333332
4 0.2567289504036909 0.39002666666666663 0.40973241061130333 0.08417000000000008
4 0.24916724336793544 0.49413666666666667 0.3960899653979238 0.0632833333333333
4 0.6188535178777393 0.36094666666666664 0.20786851211072657 0.02600666666666666
4 0.5976724336793541 0.39981333333333335 0.12414763552479822 0.026829999999999927
4 0.5546251441753173 0.42813 0.038050749711649325 0.021726666666666613
4 0.5914140715109574 0.45886999999999994 0.11241753171856976 0.026046666666666624
4 0.5644221453287197 0.5093066666666667 0.07979930795847757 0.022890000000000025
4 0.5473471741637832 0.56971 0.046438292964244614 0.024809999999999947
4 0.694078431372549 0.5121766666666666 0.08199077277970018 0.025203333333333376
4 0.6939261822376009 0.5739466666666666 0.08010611303344872 0.02985000000000006
1 0.8413863898500576 0.41577 0.2270818915801614 0.11247333333333336
4 0.189520184544406 0.6848500000000001 0.27065282583621686 0.026446666666666716
1 0.1585674740484429 0.8089200000000001 0.2127035755478662 0.2140033333333334
4 0.3917531718569781 0.69204 0.08335178777393308 0.03853999999999996
4 0.4175594002306805 0.7442633333333333 0.13179700115340257 0.058396666666666534
4 0.412085351787774 0.8068533333333333 0.12243367935409463 0.05782333333333342
4 0.40834140715109574 0.8795866666666667 0.11494579008073817 0.08210999999999997
4 0.5928811995386389 0.67094 0.1612410611303346 0.016916666666666667
1 0.7056216839677047 0.7504466666666667 0.37960092272202994 0.13134666666666667
1 0.5518016147635525 0.8298133333333334 0.07987312572087658 0.021429999999999987
4 0.7154325259515572 0.87593 0.380235294117647 0.021066666666666605
4 0.7158292964244521 0.8529966666666666 0.3826113033448673 0.020929999999999987
4 0.7401822376009227 0.89986 0.4313194925028834 0.02205666666666669