5 0.4702210526315789 0.1334866828087167 0.3638052631578947 0.08282889426957224
2 0.14607105263157896 0.045230024213075065 0.24586052631578947 0.03483050847457628
2 0.1155657894736842 0.24526230831315576 0.19165 0.03408797417271995
4 0.15375526315789473 0.07472962066182405 0.22656842105263159 0.02023002421307506
4 0.1255315789473684 0.0978450363196126 0.1667947368421053 0.02054882970137208
1 0.14912105263157893 0.1598426150121065 0.2361473684210526 0.09523809523809522
4 0.14045789473684211 0.2739870863599677 0.19775526315789474 0.020863599677159016
4 0.10461842105263158 0.29688054882970133 0.12718684210526318 0.019039548022598895
1 0.1480736842105263 0.38498385794995965 0.23405526315789477 0.15274011299435034
4 0.1292657894736842 0.4831154156577886 0.17537105263157893 0.020831315577078246
4 0.10469473684210526 0.5060048426150121 0.1206842105263158 0.017296206618240568
4 0.13106842105263156 0.5289709443099273 0.17453947368421052 0.017324455205811072
4 0.15490263157894738 0.5493422114608555 0.2210973684210526 0.0189588377723971
1 0.14309210526315788 0.5969774011299435 0.20080263157894734 0.07001614205004035
1 0.1376315789473684 0.7041242937853107 0.2020842105263158 0.08876916868442285
4 0.15676578947368422 0.6458434221146085 0.22482894736842102 0.016416464891041097
2 0.14384736842105264 0.7980387409200969 0.24555789473684214 0.030044390637610902
4 0.22078157894736844 0.8265254237288137 0.3561868421052631 0.02240920096852299
4 0.17695526315789473 0.8503430185633576 0.26742105263157895 0.020730427764326025
1 0.25103684210526317 0.9298022598870057 0.4632631578947369 0.1354439063761098
4 0.3573 0.6394511702986279 0.12803684210526314 0.027437449556093535
1 0.4423710526315789 0.695548829701372 0.26602105263157894 0.07502017756255049
1 0.6752894736842106 0.8888418079096045 0.37038684210526324 0.21675141242937848
1 0.7995447368421053 0.4611299435028249 0.25409736842105257 0.41045197740112993
4 0.7882763157894737 0.6915536723163842 0.19164736842105268 0.044927360774818376
4 0.7884263157894736 0.7236238902340598 0.19194473684210536 0.01894269572235676
4 0.7700447368421053 0.7462550443906376 0.15628947368421042 0.021702986279257548
4 0.7650552631578947 0.2447901533494754 0.1418763157894737 0.018579499596448733
3 0.802442105263158 0.14548426150121066 0.25213157894736854 0.17194108151735268
2 0.7627131578947368 0.044334140435835355 0.17600263157894747 0.025754640839386604