5 0.4812847222222222 0.071 0.5783854166666667 0.07819791666666666
2 0.16675347222222223 0.21068229166666666 0.2443194444444444 0.022093749999999978
2 0.1682326388888889 0.45487500000000003 0.23081597222222222 0.02476041666666665
2 0.3464548611111111 0.8078645833333333 0.19073263888888886 0.022749999999999916
2 0.4991770833333334 0.6198229166666667 0.26154861111111116 0.027421875000000047
2 0.5001215277777777 0.20880729166666667 0.18111805555555552 0.024515625000000027
4 0.17256597222222222 0.25925 0.2656701388888889 0.05135937499999998
4 0.17261458333333332 0.304171875 0.267375 0.0328489583333333
4 0.1722152777777778 0.33903645833333335 0.267375 0.03274479166666661
4 0.1663784722222222 0.3920625 0.25730902777777775 0.06775520833333329
1 0.1688472222222222 0.6009010416666667 0.27027430555555554 0.24945833333333337
4 0.16998263888888887 0.7452447916666666 0.2613055555555555 0.015614583333333343
4 0.17257638888888888 0.76790625 0.26488888888888895 0.016390624999999895
4 0.1710486111111111 0.8346614583333333 0.28590972222222216 0.022286458333333314
4 0.18626041666666665 0.9028437500000001 0.3179444444444445 0.08520833333333329
4 0.5084618055555555 0.8646614583333334 0.3122013888888888 0.058203125
0 0.50728125 0.9127135416666667 0.15492708333333335 0.026687499999999885
4 0.5026145833333333 0.9388489583333333 0.30290972222222223 0.016354166666666715
4 0.49497916666666664 0.7598125 0.3125243055555556 0.03271875000000009
4 0.3895451388888889 0.719234375 0.07756944444444448 0.020182291666666668
1 0.5459861111111112 0.7208489583333333 0.15046180555555552 0.036661458333333265
4 0.4983611111111111 0.6731770833333334 0.32169444444444445 0.05448958333333328
0 0.44621527777777775 0.7237656250000001 0.029788194444444433 0.02286458333333338
0 0.5704166666666667 0.5670208333333334 0.1411180555555556 0.034109374999999886
0 0.41260416666666666 0.5465052083333333 0.09752083333333338 0.030421874999999984
4 0.4259131944444445 0.5700260416666667 0.13285416666666663 0.01583854166666659
4 0.48504861111111114 0.5917083333333333 0.2480173611111111 0.013453124999999962
4 0.46994097222222225 0.5217135416666667 0.21904513888888885 0.016322916666666624
4 0.5223854166666667 0.5013124999999999 0.10979861111111104 0.013807291666666662
4 0.5024826388888889 0.4618229166666667 0.3133854166666667 0.052473958333333334
1 0.4990138888888889 0.32573437499999996 0.33134722222222224 0.19768229166666665
1 0.834375 0.3070364583333333 0.2955416666666666 0.06597395833333337
1 0.7241076388888888 0.419796875 0.07064930555555557 0.09354687500000007
1 0.7984097222222223 0.419953125 0.07297569444444447 0.0938541666666667
1 0.8722256944444445 0.41965104166666667 0.07058333333333325 0.09512499999999993
1 0.94628125 0.4197239583333333 0.07179166666666674 0.09620312500000001
4 0.8141909722222221 0.3617916666666667 0.22903124999999996 0.016755208333333372
4 0.8381145833333333 0.25890625 0.27874652777777775 0.01733333333333332
4 0.7651770833333333 0.48942708333333335 0.12851736111111114 0.016177083333333304
4 0.8912881944444444 0.48965625 0.08131944444444437 0.016640625000000023
1 0.7565833333333334 0.557765625 0.12688888888888883 0.11736979166666663
1 0.8621180555555555 0.555828125 0.07776041666666661 0.10696875000000006
1 0.9419340277777778 0.5559114583333333 0.07865624999999991 0.10712499999999997
3 0.8384236111111111 0.688640625 0.23828125 0.07846354166666672
4 0.8027187499999999 0.63634375 0.19924305555555552 0.014947916666666571
2 0.8303611111111111 0.7476354166666667 0.11633333333333332 0.025583333333333277
4 0.82984375 0.7833385416666666 0.25660416666666674 0.03442708333333329
4 0.8274791666666667 0.8220677083333333 0.25062500000000004 0.032515624999999916