5 0.4433694768229872 0.051479166666666666 0.513849281648143 0.06814930555555555
2 0.20576579018704258 0.15248958333333335 0.10808349146110058 0.024583333333333318
4 0.20801843317972346 0.2658055555555556 0.39792355651938194 0.19320486111111104
2 0.20702629438872325 0.37606249999999997 0.0713526701002982 0.02251041666666664
4 0.21112225535375442 0.4108229166666667 0.4032014095960965 0.043475694444444456
1 0.21197343453510437 0.5704340277777777 0.4166928706966657 0.2697777777777778
4 0.21228517213336948 0.7431631944444445 0.41187584711303876 0.06935416666666659
0 0.21993494171862293 0.8016388888888888 0.42173488750338844 0.039961805555555605
4 0.2074627270262944 0.8548888888888888 0.40132556248305773 0.046576388888889
0 0.20789644890214148 0.9051597222222223 0.40491190024396856 0.05187847222222217
2 0.714632691786392 0.15414930555555556 0.11267281105990773 0.027222222222222214
4 0.7109514773651395 0.19446180555555553 0.5496123610734617 0.047454861111111114
1 0.7121577663323394 0.34446875 0.5647194361615614 0.2487465277777778
1 0.5211303876389265 0.5726215277777779 0.17994578476551915 0.20562847222222225
1 0.7098942802927624 0.5727256944444444 0.19205746814854974 0.20351388888888886
1 0.9020845757657902 0.5753680555555556 0.1865356465166712 0.2041562500000001
4 0.526766061263215 0.7044618055555555 0.11867443751694232 0.04189236111111106
4 0.7147113038763893 0.7027395833333334 0.11010571970723781 0.04309375000000004
4 0.9018216318785579 0.7033055555555555 0.14067497966928702 0.04371874999999995
3 0.7124179994578477 0.8329479166666667 0.5625210084033614 0.21059375000000008