5 0.42043113425925926 0.06176215277777778 0.42226851851851854 0.07434027777777777
2 0.18207175925925925 0.19479166666666667 0.19824652777777774 0.02789496527777777
2 0.5262355324074074 0.1944921875 0.26736400462962967 0.0301909722222222
2 0.8483709490740741 0.19579427083333334 0.07637442129629625 0.024110243055555536
2 0.1849074074074074 0.5157378472222223 0.07853298611111113 0.03032118055555561
2 0.5354687499999999 0.7067491319444444 0.23567418981481475 0.03039930555555554
4 0.18551215277777777 0.2859288194444444 0.31122395833333333 0.07127604166666668
4 0.19042824074074072 0.36358506944444446 0.3017708333333334 0.08191840277777779
4 0.19214699074074074 0.4389105902777778 0.2936313657407407 0.061848958333333336
1 0.18576967592592591 0.6533940972222223 0.307884837962963 0.19857204861111122
4 0.07012731481481482 0.7865147569444445 0.07659432870370371 0.024995659722222285
4 0.19317129629629626 0.8333984375000001 0.29953993055555556 0.06667968750000004
4 0.19244791666666666 0.9132118055555556 0.29616030092592593 0.08742187500000004
4 0.4699855324074074 0.25652777777777774 0.22382523148148148 0.02075954861111108
4 0.5230989583333333 0.3029861111111111 0.32821469907407397 0.06265624999999996
0 0.5370109953703704 0.35376302083333333 0.2585908564814815 0.03871961805555557
4 0.5242245370370371 0.40518229166666664 0.3304658564814814 0.05606770833333336
0 0.5345630787037038 0.45872829861111114 0.20496817129629633 0.04042968750000004
4 0.4259201388888889 0.5011545138888889 0.13385706018518523 0.01772569444444451
4 0.5277430555555556 0.5577039930555556 0.34026041666666673 0.07704861111111111
0 0.44103587962962965 0.6311892361111111 0.10433449074074072 0.02820312500000001
0 0.5946759259259259 0.6169097222222222 0.14317129629629635 0.034118923611111164
0 0.5913454861111112 0.6532118055555556 0.11536747685185186 0.03500868055555549
4 0.46174479166666665 0.7790060763888889 0.1972309027777778 0.06458333333333341
4 0.46240162037037036 0.8452387152777778 0.19394965277777776 0.06053385416666658
1 0.4634201388888889 0.9263758680555555 0.1527777777777778 0.0890494791666667
3 0.647644675925926 0.8584114583333333 0.15258391203703703 0.2468402777777777
3 0.8524363425925926 0.34375 0.2744212962962962 0.1221180555555556
3 0.8483506944444444 0.5662022569444445 0.24970486111111126 0.2112499999999999
3 0.8557118055555556 0.7946223958333333 0.2276533564814816 0.13580729166666672
1 0.8606452546296296 0.912990451388889 0.2503877314814815 0.06779513888888881