5 0.23496527777777776 0.07402777777777778 0.40820601851851857 0.0814988425925926
2 0.06755015432098765 0.17524884259259257 0.07530478395061728 0.026423611111111092
4 0.15182870370370372 0.21502314814814816 0.24771604938271607 0.03364004629629629
4 0.1722800925925926 0.2569849537037037 0.26547453703703705 0.04811342592592592
4 0.16990354938271604 0.3191087962962963 0.2587847222222222 0.06819444444444443
4 0.0557908950617284 0.3683912037037037 0.05178626543209877 0.013402777777777826
4 0.16855324074074074 0.38616898148148143 0.25608796296296293 0.017135416666666608
4 0.1697608024691358 0.41237847222222224 0.2623611111111111 0.03193287037037041
4 0.16917438271604937 0.4501909722222222 0.2611882716049383 0.03811342592592587
2 0.3985532407407407 0.17602430555555557 0.08336805555555557 0.027974537037037055
2 0.4193904320987654 0.67265625 0.12504629629629627 0.02586805555555545
2 0.06195987654320988 0.5232465277777778 0.06797453703703704 0.02796874999999996
4 0.14917052469135803 0.5578472222222223 0.239795524691358 0.030763888888888938
4 0.16121913580246913 0.5984953703703704 0.24193672839506178 0.0370543981481482
3 0.15277006172839508 0.6591898148148148 0.2043016975308642 0.06330439814814807
4 0.164008487654321 0.7274884259259259 0.24751543209876542 0.05537037037037028
1 0.15906635802469135 0.8480092592592592 0.26568287037037036 0.1720023148148147
4 0.4876543209876543 0.21296296296296297 0.2654398148148148 0.03440393518518521
1 0.49332947530864196 0.3220081018518518 0.27679012345679016 0.1555324074074074
4 0.42899691358024694 0.42406828703703703 0.14569058641975313 0.019351851851851884
4 0.4880594135802469 0.44311342592592595 0.23996913580246915 0.01593749999999998
4 0.47444058641975306 0.4605150462962963 0.2109452160493827 0.01732638888888892
4 0.4268171296296296 0.4942997685185185 0.1353047839506173 0.014045138888888878
1 0.49808641975308643 0.5757233796296296 0.18069830246913576 0.13144097222222215
4 0.4356057098765432 0.7020428240740741 0.15199459876543206 0.013778935185185153
3 0.49640432098765436 0.7784895833333333 0.2789351851851852 0.12656828703703707
3 0.4955787037037037 0.8975868055555556 0.2781751543209876 0.08936921296296287
4 0.8111226851851852 0.18119212962962963 0.24173996913580253 0.016140046296296288
3 0.8280632716049383 0.2432349537037037 0.27651234567901245 0.08675925925925923
3 0.8277970679012346 0.3662152777777778 0.27865354938271597 0.10812499999999996
4 0.7398148148148148 0.45580439814814816 0.0991203703703704 0.017262731481481438
3 0.8286111111111112 0.5143576388888889 0.28028163580246906 0.08758680555555551
2 0.7238773148148148 0.5834259259259259 0.06556327160493829 0.020885416666666618
4 0.8266319444444444 0.6270196759259259 0.25403935185185195 0.04954282407407415
4 0.8260841049382717 0.6711342592592593 0.254729938271605 0.03216435185185181
4 0.8274228395061728 0.7077488425925926 0.254729938271605 0.03187499999999996
4 0.8288155864197531 0.7422627314814816 0.2548418209876544 0.032719907407407385