5 0.37449261992619925 0.05005333333333333 0.7282287822878228 0.05010666666666667
2 0.11458025830258302 0.14056666666666667 0.14382841328413284 0.03779999999999999
3 0.49803044280442804 0.21344666666666667 0.9291789667896679 0.10355333333333336
2 0.12924354243542435 0.29911333333333334 0.12472324723247231 0.03822666666666669
2 0.5536439114391144 0.29938 0.08330258302583021 0.03875999999999999
2 0.1613468634686347 0.6305066666666667 0.2512038745387454 0.041006666666666663
2 0.5983994464944649 0.6300066666666667 0.11977398523985243 0.03335333333333332
4 0.26929428044280446 0.37836 0.4463422509225092 0.060053333333333285
4 0.2623662361623616 0.45796000000000003 0.43709870848708493 0.05925333333333341
4 0.2589621771217712 0.53806 0.4325876383763838 0.05945333333333338
1 0.7339621771217713 0.46470666666666666 0.446240774907749 0.26274000000000003
1 0.2689068265682657 0.7882866666666667 0.4455673431734318 0.2532400000000001
4 0.612739852398524 0.6740066666666666 0.2084132841328414 0.02134000000000007
4 0.7346033210332102 0.6956266666666667 0.4498339483394833 0.021253333333333405
4 0.6293911439114391 0.7202333333333333 0.23710332103321033 0.020466666666666546
4 0.6854981549815499 0.7412666666666667 0.35162361623616245 0.0158733333333333
1 0.7321309963099631 0.8375 0.44488929889298895 0.16833333333333333