5 0.5025231481481481 0.04471180555555556 0.6749537037037038 0.08238541666666668
2 0.16798148148148148 0.17697569444444444 0.08549074074074073 0.024881944444444432
4 0.17176851851851851 0.22464236111111113 0.27703240740740737 0.029531249999999985
4 0.17248611111111112 0.2611388888888889 0.275875 0.04163194444444448
4 0.17216203703703703 0.3051215277777778 0.2745092592592593 0.04293402777777781
4 0.17227314814814815 0.34147916666666667 0.2753587962962962 0.026284722222222237
2 0.1679351851851852 0.4029027777777777 0.07795601851851851 0.023423611111111124
4 0.061437500000000006 0.4433020833333333 0.04603240740740741 0.012010416666666718
1 0.11885416666666668 0.5203541666666667 0.1680648148148148 0.1113576388888889
4 0.2534236111111111 0.5247361111111111 0.08611805555555552 0.0783333333333333
1 0.1667546296296296 0.6302048611111111 0.2662662037037037 0.09476041666666661
4 0.16150925925925927 0.6967187499999999 0.254337962962963 0.026788194444444476
4 0.06409027777777777 0.7312812500000001 0.05271990740740741 0.016065972222222374
4 0.16163657407407406 0.7585243055555556 0.2723101851851852 0.024979166666666528
1 0.1681712962962963 0.8246319444444444 0.28734027777777776 0.09398611111111121
4 0.15536805555555558 0.8976979166666667 0.24618749999999995 0.051954861111111146
2 0.5007152777777778 0.17716666666666667 0.09442129629629627 0.024003472222222242
4 0.507511574074074 0.2277326388888889 0.31106481481481485 0.046750000000000035
1 0.5015000000000001 0.31032291666666667 0.32367824074074075 0.10667361111111116
4 0.37425462962962963 0.38315625 0.04529629629629626 0.016069444444444515
1 0.49709722222222225 0.48027083333333337 0.28650231481481486 0.15767361111111108
4 0.503025462962963 0.5909201388888888 0.3095555555555555 0.04079861111111111
0 0.4102986111111111 0.6332361111111111 0.12037037037037036 0.025770833333333264
0 0.5713310185185185 0.6329166666666667 0.15279166666666677 0.024013888888888838
4 0.4062800925925926 0.6607881944444445 0.11233333333333327 0.015927083333333297
0 0.49777546296296293 0.6980937500000001 0.2953263888888889 0.05582986111111118
4 0.40484722222222225 0.7394861111111111 0.11096064814814813 0.014322916666666666
0 0.40125925925925926 0.7664930555555556 0.10751851851851853 0.02354166666666673
0 0.40525925925925926 0.7944895833333334 0.11253009259259261 0.024670138888888953
0 0.40422916666666664 0.8225625 0.11271064814814812 0.02034722222222235
4 0.550837962962963 0.757267361111111 0.1543541666666666 0.019649305555555607
4 0.5264814814814816 0.7775659722222221 0.10564351851851854 0.019934027777777728
4 0.5712314814814814 0.7986944444444444 0.1936504629629629 0.020760416666666653
4 0.5554444444444444 0.81884375 0.1628217592592593 0.018510416666666807
4 0.5369259259259259 0.8376979166666667 0.12428935185185191 0.017027777777777767
4 0.5069282407407407 0.8576909722222222 0.31363194444444453 0.01893402777777769
0 0.45250694444444445 0.892638888888889 0.1726851851851852 0.021645833333333385
0 0.4231574074074074 0.9176666666666667 0.11697685185185189 0.023555555555555607
0 0.6102615740740741 0.906767361111111 0.07388657407407398 0.0387048611111112
4 0.8324791666666665 0.2130173611111111 0.2637569444444444 0.01844097222222219
3 0.8283819444444444 0.32685763888888886 0.27124074074074067 0.2035729166666666
4 0.8379189814814815 0.46184027777777775 0.27687731481481476 0.015548611111111181
3 0.8299814814814814 0.5191423611111111 0.27294907407407415 0.0808888888888889
4 0.7706296296296296 0.5757222222222222 0.1415509259259259 0.016003472222222273
3 0.8257592592592593 0.6282222222222222 0.23688194444444444 0.0829305555555556
2 0.8322407407407408 0.7063368055555556 0.09233101851851849 0.0252847222222222
4 0.8385694444444444 0.7440381944444444 0.2722060185185186 0.018947916666666564
1 0.8267361111111111 0.84640625 0.21270833333333325 0.18225347222222232