5 0.48869140624999996 0.08116666666666666 0.4676171875 0.10330555555555555
2 0.1706171875 0.23674305555555558 0.08147851562500001 0.031208333333333293
2 0.167564453125 0.5739965277777778 0.21988476562499998 0.032548611111111035
2 0.52733203125 0.2332013888888889 0.038507812499999974 0.030635416666666672
2 0.527421875 0.5735625 0.25087890625 0.03330555555555558
2 0.8593984375 0.23990277777777777 0.10721289062500006 0.034281250000000006
4 0.03162109375 0.27806597222222224 0.027572265625 0.02279513888888892
4 0.17592578125 0.3154236111111111 0.271365234375 0.04711111111111113
4 0.08801171875 0.3539409722222222 0.14218359375 0.02332986111111109
4 0.161572265625 0.39469444444444446 0.2911328125 0.04467361111111106
4 0.175552734375 0.44610069444444445 0.26970312500000004 0.0531805555555555
4 0.176595703125 0.4991319444444444 0.2736171875 0.048670138888888916
4 0.135607421875 0.6212604166666666 0.229142578125 0.021385416666666716
4 0.174486328125 0.6593958333333333 0.282205078125 0.04724999999999997
4 0.13136328125000002 0.8540173611111112 0.19321484375 0.021857638888888826
1 0.166228515625 0.7566319444444444 0.31233398437500004 0.14578125000000006
0 0.137787109375 0.8990138888888889 0.12008593750000003 0.038677083333333445
0 0.173248046875 0.9417430555555555 0.30167773437499995 0.03470486111111105
4 0.531080078125 0.29425 0.3362890625 0.05287499999999999
4 0.52043359375 0.34862499999999996 0.3140703125 0.04790972222222223
1 0.528498046875 0.4551631944444444 0.35708398437500005 0.13903124999999994
1 0.52836328125 0.7851736111111112 0.37442773437499993 0.3787986111111112
3 0.85972265625 0.4504444444444444 0.25768554687500006 0.3134826388888889
1 0.8606269531249999 0.8106006944444445 0.25839257812499994 0.30755555555555564
4 0.860021484375 0.2768125 0.14387109375000007 0.025843750000000023
4 0.8592871093750001 0.6367812500000001 0.13849609375000008 0.023559027777777745