5 0.48704475308641976 0.039355709876543216 0.6865560699588478 0.044297839506172845
2 0.16295524691358027 0.1645486111111111 0.1699099794238683 0.0285648148148148
2 0.1637165637860082 0.39616898148148144 0.16531378600823046 0.030679012345679005
2 0.4832947530864198 0.1633641975308642 0.2538786008230453 0.02849151234567902
2 0.483914609053498 0.6057253086419753 0.30253086419753084 0.029972993827160514
4 0.1663400205761317 0.2233449074074074 0.2890895061728395 0.06784336419753086
4 0.16553497942386833 0.31691358024691363 0.28747942386831277 0.070354938271605
4 0.15363683127572017 0.44665895061728395 0.2739429012345679 0.05099922839506175
4 0.16721450617283948 0.5043016975308642 0.29853137860082307 0.02589891975308646
4 0.16487397119341562 0.5772376543209877 0.29385030864197537 0.07177083333333341
1 0.15119855967078188 0.8083912037037037 0.18316615226337446 0.3571527777777777
1 0.4712088477366255 0.3224112654320988 0.3001003086419753 0.26405092592592594
4 0.4880426954732511 0.47638503086419753 0.27351337448559676 0.02199074074074074
4 0.4843904320987654 0.5440972222222222 0.26749228395061736 0.0727970679012346
4 0.4863760288065844 0.6562229938271605 0.26940843621399185 0.04642746913580253
1 0.4674485596707819 0.8409220679012346 0.34692129629629626 0.30956404320987657
2 0.8184465020576132 0.16541666666666666 0.25550411522633737 0.025713734567901225
1 0.8165715020576132 0.2673611111111111 0.3317052469135803 0.17495370370370372
4 0.8126954732510289 0.38555941358024687 0.31383487654321 0.04550925925925923
4 0.8119315843621399 0.4545679012345679 0.3102829218106996 0.045393518518518465
2 0.821005658436214 0.5091936728395061 0.21508230452674892 0.021060956790123514
1 0.7330298353909465 0.610979938271605 0.1362860082304527 0.17150077160493835
1 0.9022788065843621 0.6135108024691358 0.1489171810699588 0.17048611111111114
4 0.736983024691358 0.7259336419753086 0.15025977366255144 0.04619212962962964
4 0.9119830246913581 0.7252121913580247 0.12480967078189306 0.044753086419753084
2 0.8198225308641974 0.7745987654320987 0.07237654320987645 0.02364583333333332
4 0.8107175925925927 0.8139429012345678 0.2808719135802468 0.045659722222222365
4 0.8174588477366256 0.8815162037037036 0.2959336419753087 0.045015432098765545
4 0.7708667695473251 0.9490200617283951 0.20274691358024685 0.047777777777777836