5 0.3755535055350554 0.04887333333333334 0.7280442804428044 0.041080000000000005
2 0.11494926199261993 0.13848 0.1399538745387454 0.040299999999999996
3 0.4991835793357934 0.21556666666666668 0.931480627306273 0.11113333333333335
2 0.12803966789667895 0.29922666666666664 0.11770295202952029 0.035119999999999964
2 0.5539114391143912 0.299 0.08845479704797048 0.03466
2 0.16136531365313653 0.6307133333333333 0.24662361623616233 0.044760000000000064
2 0.5983440959409594 0.6305866666666666 0.1265774907749078 0.03451333333333332
4 0.26892066420664207 0.3805333333333333 0.44789667896678964 0.06105999999999995
4 0.2641282287822878 0.45730000000000004 0.43600553505535056 0.05793333333333339
4 0.25988007380073797 0.53458 0.4344280442804428 0.06249333333333334
1 0.7332426199261993 0.4617933333333334 0.44941881918819193 0.2635866666666667
1 0.26773062730627306 0.79152 0.4478274907749077 0.2563666666666667
4 0.6205258302583025 0.6873333333333334 0.20662822878228773 0.020173333333333404
4 0.7388653136531366 0.7114266666666668 0.4433025830258303 0.019933333333333393
4 0.6331918819188191 0.7328266666666666 0.23412361623616232 0.01899333333333319
4 0.6904243542435424 0.7565799999999999 0.3485839483394834 0.018066666666666606
4 0.6404658671586716 0.7786533333333333 0.24758302583025818 0.020039999999999964
4 0.7236070110701107 0.8030666666666666 0.416028597785978 0.020439999999999903
4 0.599829335793358 0.8246866666666667 0.16630996309963098 0.018359999999999977
4 0.7351522140221401 0.8484266666666668 0.43912361623616225 0.02210666666666657