5 0.4751359953703704 0.04246527777777778 0.6609201388888889 0.04152777777777778
2 0.08985243055555554 0.184375 0.10640046296296297 0.04178819444444443
4 0.24703993055555554 0.25472222222222224 0.37040219907407396 0.09601128472222224
4 0.24660300925925926 0.3417795138888889 0.36776041666666665 0.07269097222222223
4 0.22944444444444445 0.3923654513888889 0.3343287037037037 0.022795138888888882
2 0.10382523148148148 0.4639713541666667 0.13394386574074074 0.03408854166666665
1 0.23496527777777776 0.6573524305555556 0.4072077546296296 0.3354470486111111
4 0.24944155092592593 0.8545182291666666 0.3734403935185185 0.050004340277777795
4 0.2490451388888889 0.9055555555555556 0.37176504629629636 0.04871961805555555
4 0.24953703703703703 0.956818576388889 0.37186342592592597 0.04789062500000006
2 0.527097800925926 0.1921267361111111 0.08421874999999998 0.03309895833333333
3 0.7284432870370371 0.42271701388888894 0.39238425925925924 0.2981684027777778
3 0.726015625 0.8090017361111111 0.39901041666666676 0.3432508680555556