5 0.3258379629629629 0.07030555555555555 0.4510578703703703 0.0781111111111111
2 0.17744212962962963 0.20977430555555554 0.0678472222222222 0.02834374999999996
2 0.17388194444444444 0.6941493055555555 0.08850462962962961 0.027184027777777765
2 0.5087430555555555 0.21021527777777776 0.13014120370370372 0.02922569444444447
2 0.8434652777777778 0.21033680555555556 0.08353472222222219 0.02947222222222226
4 0.16689583333333333 0.2615416666666667 0.27745601851851853 0.04571180555555559
4 0.16623611111111114 0.3343576388888889 0.27811111111111114 0.07570486111111115
4 0.16702314814814814 0.40824305555555557 0.27672222222222226 0.047059027777777845
1 0.15957175925925926 0.5525381944444444 0.18769212962962967 0.22445833333333334
4 0.17110648148148144 0.7641111111111111 0.27599305555555553 0.06348611111111116
4 0.16914814814814816 0.8304791666666668 0.27603009259259265 0.046489583333333445
4 0.16965046296296296 0.8881284722222222 0.27506018518518516 0.0461562500000001
0 0.46712731481481484 0.7395451388888888 0.21671296296296302 0.01732291666666678
0 0.4919259259259259 0.8657638888888889 0.12893287037037032 0.019218750000000125
0 0.4927824074074074 0.9188229166666667 0.13163194444444443 0.01789583333333332
4 0.49608101851851855 0.8958263888888889 0.274599537037037 0.027166666666666592
4 0.42633796296296295 0.8456805555555555 0.13443981481481487 0.013576388888889014
4 0.4243124999999999 0.7146423611111111 0.1309907407407407 0.017461805555555543
4 0.4100162037037037 0.6851909722222221 0.07475462962962964 0.01715624999999995
0 0.5034351851851853 0.49239236111111107 0.08849537037037042 0.016524305555555605
0 0.49242129629629633 0.5115243055555556 0.06706481481481487 0.01602083333333329
0 0.48799305555555555 0.5311284722222223 0.08224999999999999 0.014659722222222152
0 0.4880856481481482 0.5478576388888888 0.05839351851851857 0.013857638888888838
0 0.48816898148148147 0.5636493055555556 0.09702777777777774 0.013888888888888888
0 0.49401851851851847 0.7589548611111111 0.21880787037037036 0.015211805555555695
0 0.5120509259259259 0.7761944444444444 0.25641666666666674 0.015739583333333307
0 0.4777268518518519 0.7955138888888889 0.18622916666666672 0.01423958333333341
0 0.4346157407407407 0.8135729166666668 0.09794675925925929 0.016399305555555403
0 0.49586342592592597 0.4060381944444445 0.10776157407407401 0.01480902777777781
0 0.49571296296296297 0.43419097222222225 0.107974537037037 0.03483333333333339
4 0.4426851851851852 0.4663159722222222 0.16965509259259257 0.016506944444444432
4 0.49620601851851853 0.3724895833333333 0.27669675925925924 0.031836805555555577
4 0.4285300925925926 0.33535069444444443 0.11098611111111112 0.013902777777777766
0 0.49602546296296296 0.3036770833333333 0.2675902777777777 0.030045138888888878
4 0.4789328703703703 0.27703819444444444 0.23803472222222216 0.017673611111111143
4 0.4473912037037037 0.2480659722222222 0.1481944444444444 0.013753472222222188
4 0.8168263888888889 0.24776388888888887 0.2035046296296297 0.013729166666666653
3 0.8310486111111112 0.3153333333333333 0.2751990740740741 0.09356597222222224
3 0.8310208333333334 0.42558333333333337 0.27443518518518506 0.10772916666666658
1 0.8289629629629629 0.5642256944444445 0.27109953703703693 0.16732638888888893
4 0.7964745370370371 0.6710659722222222 0.1603518518518519 0.013295138888888875
1 0.8331319444444445 0.7618541666666666 0.3201875000000001 0.14503124999999994
4 0.7789050925925926 0.8607569444444445 0.1270925925925926 0.013680555555555429
4 0.7770648148148148 0.8978541666666667 0.16793055555555556 0.02769444444444452