5 0.47001757812499995 0.057479166666666665 0.6067031249999999 0.094125
2 0.06918164062499998 0.14928472222222222 0.09799999999999999 0.03699652777777776
2 0.28278515625 0.17180208333333333 0.077291015625 0.044989583333333354
2 0.71086328125 0.14428472222222222 0.11313281249999996 0.03856944444444446
2 0.320306640625 0.46119444444444446 0.1458203125 0.035812499999999955
2 0.095251953125 0.5360798611111112 0.14753515625 0.042069444444444395
2 0.590724609375 0.7074652777777778 0.09811328125000003 0.030670138888888865
4 0.068162109375 0.1801111111111111 0.090279296875 0.025770833333333344
4 0.106474609375 0.20888194444444447 0.16690234375 0.024843749999999984
1 0.102240234375 0.28660416666666666 0.16106835937500003 0.12182291666666671
4 0.04673046875 0.3657569444444445 0.050048828125 0.0205208333333333
4 0.12248046875 0.38703472222222224 0.16917187500000003 0.022645833333333264
4 0.07930273437499999 0.41036111111111107 0.085001953125 0.020069444444444508
4 0.064095703125 0.4503229166666667 0.07936523437500001 0.01836805555555559
4 0.08937109374999999 0.47322222222222227 0.13064453125 0.01882291666666668
4 0.10687695312500001 0.5699201388888888 0.16857031249999999 0.023065972222222165
4 0.11616015625000001 0.6099583333333334 0.16600390625 0.040954861111111046
4 0.08829296875 0.6460520833333334 0.109541015625 0.022458333333333278
4 0.10079687500000001 0.6814861111111111 0.13600585937500004 0.044090277777777784
4 0.169484375 0.7192743055555556 0.292326171875 0.025090277777777854
1 0.26413671875 0.8593090277777777 0.4889218750000001 0.24556597222222237
1 0.7468867187500001 0.83165625 0.41886328125000005 0.21746527777777785
4 0.744890625 0.9637743055555555 0.3623984374999999 0.04250694444444447
4 0.8164023437499999 0.6456597222222222 0.3013710937500001 0.04054513888888888
1 0.429173828125 0.30939930555555556 0.37174218749999993 0.2288298611111111
1 0.42863671875 0.5748854166666667 0.3668320312500001 0.18421875000000007
4 0.7176738281249999 0.18205555555555558 0.11729296874999999 0.028631944444444456
3 0.81485546875 0.4100590277777778 0.31740429687500005 0.42163541666666665