5 0.500029106029106 0.05173263888888889 0.5767546777546777 0.05023611111111111
2 0.16930353430353431 0.1945798611111111 0.07267359667359666 0.02485763888888886
4 0.1695821205821206 0.24690972222222224 0.32123700623700624 0.03969444444444442
4 0.15298752598752596 0.2872291666666667 0.288045738045738 0.023847222222222245
4 0.15939501039501042 0.3173472222222222 0.3028523908523909 0.024204861111111125
1 0.16945322245322245 0.46746180555555555 0.32296881496881497 0.25955555555555554
4 0.170010395010395 0.6197569444444445 0.3041642411642411 0.041815972222222164
4 0.17041787941787942 0.6727986111111112 0.31493970893970885 0.044767361111111056
2 0.16924324324324322 0.7341423611111111 0.030719334719334718 0.027722222222222273
4 0.14515800415800417 0.7752152777777778 0.2617983367983368 0.023635416666666565
4 0.17040748440748443 0.8360069444444443 0.3146091476091476 0.08471527777777763
4 0.11788773388773388 0.9188993055555555 0.21033887733887735 0.02005902777777793
0 0.17035758835758835 0.8932708333333333 0.13568191268191265 0.025447916666666653
1 0.4999334719334719 0.8019618055555556 0.32849688149688144 0.3011284722222222
4 0.49989189189189187 0.6225902777777778 0.2798523908523909 0.02606249999999998
0 0.4998087318087318 0.5818923611111111 0.2018336798336798 0.04379166666666663
4 0.45025155925155924 0.5466145833333333 0.21602910602910605 0.020868055555555525
4 0.4448149688149688 0.5196423611111111 0.2051580041580042 0.02098958333333327
4 0.4753201663201663 0.4898263888888889 0.24227234927234925 0.02315625000000002
4 0.4642328482328482 0.45909375 0.24090852390852396 0.024767361111111087
4 0.47145945945945944 0.4273645833333333 0.2345488565488566 0.021812500000000058
4 0.48883783783783785 0.39798958333333334 0.29088981288981297 0.026145833333333396
4 0.3839126819126819 0.3628090277777778 0.07949896049896048 0.024013888888888876
4 0.5788128898128898 0.2599444444444444 0.10779002079002084 0.020395833333333335
4 0.5808794178794179 0.2819826388888889 0.111923076923077 0.019416666666666693
4 0.5742099792099792 0.3052638888888889 0.09781288981288973 0.01963194444444443
4 0.4556216216216216 0.3342048611111111 0.2232120582120582 0.018482638888888896
0 0.4362661122661123 0.30887152777777777 0.1459501039501039 0.02766319444444447
0 0.42248648648648646 0.28364236111111113 0.1197505197505197 0.019618055555555555
0 0.40500831600831605 0.26133680555555555 0.08388773388773393 0.021972222222222212
4 0.427933471933472 0.23539930555555558 0.17010602910602912 0.023121527777777748
2 0.4994573804573804 0.19614583333333332 0.08320166320166317 0.025670138888888912
2 0.8299043659043659 0.1946875 0.25725987525987526 0.025211805555555522
4 0.8179043659043659 0.2550520833333333 0.27830769230769226 0.0416145833333333
4 0.8112827442827443 0.2907986111111111 0.26206237006237 0.024826388888888887
1 0.8294656964656966 0.5247291666666667 0.32579625779625787 0.43063194444444436
2 0.8309209979209979 0.7555868055555556 0.07424740124740127 0.026836805555555544
2 0.8311933471933471 0.8614166666666667 0.06941164241164248 0.026447916666666692
4 0.8259064449064448 0.8031770833333334 0.29447609147609144 0.02138194444444442
4 0.791977130977131 0.8287152777777778 0.2266195426195427 0.02034375000000005