5 0.5015129280223619 0.061047919957872565 0.4714605171208944 0.0821379673512375
2 0.1733088749126485 0.19993680884676146 0.0589622641509434 0.026282253817798824
2 0.17481830887491265 0.6707793575566087 0.06728511530398325 0.021000526592943713
2 0.501051712089448 0.35503422854133754 0.07551362683438151 0.02282253817798837
2 0.4997344514325646 0.20056872037914691 0.09674004192872114 0.023549236440231717
2 0.8252026554856744 0.20080568720379147 0.0981341719077567 0.022032648762506598
2 0.499811320754717 0.8405002632964718 0.06773235499650591 0.020810953133228005
2 0.8247309573724668 0.8591205897840969 0.06272886093640802 0.02209057398630849
4 0.17375611460517124 0.24808320168509743 0.3045038434661076 0.047098472880463434
4 0.1745842068483578 0.31772511848341234 0.3041194968553459 0.08144813059505006
1 0.17364779874213837 0.445608214849921 0.3022396925227114 0.16591890468667717
4 0.17509084556254367 0.6127646129541865 0.3041055206149546 0.06814639283833589
4 0.17432215234102028 0.7389626119010005 0.303591893780573 0.09523959978936289
4 0.17470300489168414 0.8404844655081621 0.30332983927323554 0.09767245918904688
4 0.17457372466806428 0.9191469194312797 0.3030712788259958 0.05129541864139013
4 0.49948986722571626 0.909652448657188 0.30475192173305377 0.10174302264349659
4 0.49940251572327043 0.7741758820431807 0.3035534591194968 0.08233280674038963
0 0.49882599580712794 0.7018799368088467 0.2890915443745633 0.05347551342812016
4 0.4998008385744235 0.647345971563981 0.3043535988819007 0.04935229067930479
1 0.4994095038434661 0.517451290152712 0.3035709294199861 0.17844128488678246
4 0.49860237596086654 0.40085834649815694 0.3029769392033543 0.04864139020537119
0 0.4870265548567435 0.26974196945760925 0.14261705101327746 0.02252238020010531
0 0.49905310971348704 0.2920115850447604 0.16412997903563933 0.020958399157451266
0 0.49809923130677847 0.31382833070036864 0.16222571628232005 0.02189573459715636
4 0.4996855345911949 0.23940494997367034 0.303256464011181 0.02918904686677196
4 0.8254647099930119 0.3025329120589784 0.3047239692522711 0.16039494470774088
4 0.8246296296296297 0.3975460768825698 0.15183787561146064 0.013512374934175925
3 0.8246261355695318 0.47893101632438123 0.30305031446540875 0.14407582938388622
4 0.7637316561844865 0.5816956292785678 0.1787910552061495 0.015176408636124362
1 0.8248777078965759 0.6537862032648762 0.30437456324248774 0.12839389152185368
4 0.8251013277428372 0.7464033701948394 0.3023584905660378 0.043607161664033674
4 0.8247449336128582 0.8116324381253291 0.30410901467505236 0.050205371248025356