5 0.2528181592656909 0.03260416666666667 0.3796824609278095 0.052107638888888884
2 0.05183577276110146 0.13869444444444445 0.09175390721905234 0.028430555555555553
4 0.07019101959811462 0.16203472222222223 0.1293153063755892 0.016743055555555567
4 0.16807491937484495 0.18955555555555553 0.2918953113371372 0.03366666666666668
1 0.16448523939469115 0.2632743055555556 0.2762044157777227 0.10844097222222221
4 0.16841478541304886 0.35886111111111113 0.291721657157033 0.035173611111111135
1 0.16732820640039692 0.49358680555555556 0.32529397171917646 0.22838541666666667
2 0.0781964773009179 0.6240659722222222 0.14617960803770777 0.028357638888888915
1 0.3415752914909452 0.8188368055555556 0.5940560654924336 0.3519826388888889
4 0.3721136194492682 0.14372569444444444 0.07001488464400893 0.018333333333333316
2 0.4168990324981394 0.29899305555555555 0.15792111138675266 0.030628472222222234
4 0.5104291739022575 0.17272222222222222 0.3033664103200198 0.0332222222222222
4 0.5100173654180105 0.2158923611111111 0.30337137186802293 0.048496527777777805
4 0.5113917142148351 0.25848958333333333 0.3070652443562391 0.03000347222222225
4 0.4522748697593649 0.33191319444444445 0.22617464648970478 0.0172465277777778
4 0.4944777970726867 0.35527430555555556 0.2797841726618705 0.01736458333333337
4 0.4990523443314314 0.37352083333333336 0.28976680724386 0.017746527777777823
4 0.43396179608037705 0.39880208333333333 0.18871992061523196 0.019375000000000062
4 0.432240138923344 0.4221944444444445 0.15780947655668565 0.019562500000000052
4 0.5075812453485488 0.4407743055555556 0.28268667824361204 0.01594444444444447
4 0.41897792111138676 0.4664861111111111 0.12961796080377072 0.014937499999999994
4 0.51354998759613 0.49275347222222227 0.2996204415777723 0.032524305555555584
4 0.408714959067229 0.5271111111111111 0.13905730587943438 0.019687499999999938
4 0.48967749937980654 0.5475868055555555 0.26935251798561144 0.014041666666666685
4 0.5122847928553709 0.5647638888888888 0.3145695857107417 0.0157743055555555
4 0.4964996278838998 0.5816909722222222 0.28382783428429675 0.01584722222222218
2 0.7301414041180848 0.1382847222222222 0.09105432895063259 0.027260416666666662
4 0.7073207640783925 0.16503125000000002 0.04208136938724885 0.015510416666666653
3 0.7846787397668072 0.22455902777777778 0.2017911188290747 0.09844791666666666
4 0.9435871992061523 0.23260416666666667 0.08012403870007453 0.03065624999999999
4 0.7889159017613495 0.29009722222222223 0.206105184817663 0.017489583333333295
4 0.7643760853386256 0.4769826388888889 0.1570255519722154 0.018454861111111144
3 0.8396626147357975 0.38139236111111113 0.3084271892830562 0.16163541666666661
3 0.8379359960307615 0.55296875 0.30664103200198456 0.1284895833333334
4 0.7223939469114363 0.6341249999999999 0.07222525427933524 0.018187500000000037
1 0.836328454477797 0.718017361111111 0.30841726618705023 0.14403125000000006
2 0.7651302406350781 0.8225798611111111 0.15104192508062525 0.0316145833333334
4 0.8468246092780948 0.8646388888888888 0.28446539320267933 0.042340277777777637
4 0.7500595385760357 0.9023263888888888 0.09426196973455725 0.022177083333333295
4 0.7804564624162739 0.9299479166666667 0.13508062515504843 0.016843750000000077
4 0.8108707516745224 0.9549270833333333 0.19590920367154552 0.01903472222222212
4 0.7730637558918382 0.981201388888889 0.1219622922351774 0.019159722222222324