5 0.21996063903681407 0.07690972222222223 0.3821903218337578 0.08319097222222223
2 0.16817781893956935 0.1791736111111111 0.10390599675850891 0.02798263888888888
2 0.4997291039592498 0.17850347222222224 0.22463301690206072 0.02436458333333334
2 0.16708497337346606 0.5866423611111111 0.26276452882611717 0.03409722222222216
2 0.5003774021764298 0.2659236111111111 0.24112062977541093 0.026048611111111106
2 0.5000578837693911 0.5241388888888889 0.19490622829358653 0.02528819444444442
2 0.834688585320676 0.2044409722222222 0.1394767307247047 0.02383333333333337
4 0.1628270432970595 0.23216666666666666 0.25974068071312795 0.0302604166666667
4 0.14752025931928686 0.2621631944444444 0.2291271127575828 0.025791666666666657
1 0.16877054873813385 0.4257395833333334 0.2716300069460523 0.2784444444444445
4 0.15434822875665663 0.6375416666666667 0.2513776337115073 0.033038194444444474
1 0.15996990043991663 0.80428125 0.26262097707802734 0.29488541666666673
4 0.498050474646909 0.21488541666666666 0.2777379022921973 0.034375
4 0.4506320907617504 0.30603125 0.17621208613104883 0.01754166666666666
0 0.500421393841167 0.3427048611111111 0.2251609168789072 0.04074652777777775
4 0.41554063440611255 0.38204513888888886 0.10412132438064363 0.014850694444444439
4 0.4392706645056726 0.3971805555555556 0.13163926834915493 0.0128611111111111
4 0.4799907385968974 0.41204861111111113 0.21183607316508452 0.013718750000000076
4 0.4653530909932855 0.4262569444444444 0.18411437832831676 0.012326388888888888
4 0.49037508682565406 0.45492013888888894 0.2550544107432276 0.013937499999999955
4 0.4349340125028942 0.47005902777777775 0.14222736744616804 0.015069444444444476
0 0.5428640889094698 0.47118055555555555 0.0652164852975226 0.017309027777777746
4 0.3817156749247511 0.5554513888888889 0.04097013197499417 0.011916666666666723
4 0.4244107432275989 0.5712916666666666 0.10562861773558689 0.013475694444444426
4 0.4660708497337347 0.58546875 0.1882982171799028 0.012684027777777848
4 0.4497221579069229 0.6010000000000001 0.15430886779347072 0.013618055555555486
4 0.4905742069923593 0.6287708333333333 0.26128038897893036 0.011833333333333309
4 0.4332785366983098 0.6439687500000001 0.14345218800648296 0.016965277777777822
0 0.5329127112757583 0.6456076388888888 0.05244037971752716 0.02023958333333332
4 0.49222273674461675 0.6804965277777778 0.2613359573975457 0.02879861111111113
3 0.4996295438758972 0.7802465277777778 0.28976151887010887 0.05728125000000009
1 0.8171474878444085 0.2811284722222222 0.2445357721694836 0.08281597222222221
1 0.815887937022459 0.4240243055555556 0.2373882843250752 0.07861111111111115
1 0.8140217642972911 0.5483298611111111 0.23149340125028936 0.07867013888888895
2 0.8315536003704561 0.6479791666666667 0.1822458902523732 0.022930555555555544