5 0.251856 0.06616446578631453 0.453408 0.0668967587034814
2 0.079328 0.16774909963985596 0.090744 0.024723889555822363
2 0.0825 0.36425570228091236 0.096248 0.020138055222088808
2 0.17752 0.2126470588235294 0.287964 0.05411764705882351
4 0.066876 0.2539795918367347 0.06703200000000002 0.015378151260504205
4 0.185388 0.2845198079231693 0.274032 0.0314105642256903
4 0.186272 0.31937575030012005 0.273796 0.0320348139255702
4 0.088684 0.39763505402160865 0.11198 0.01435774309723894
4 0.17691199999999999 0.44516806722689073 0.28710399999999997 0.06636254501800717
4 0.0969 0.5213865546218487 0.129084 0.06462785114045623
4 0.095992 0.6223169267707083 0.129268 0.10028811524609839
1 0.24292800000000003 0.5170588235294118 0.13224399999999997 0.05896158463385355
1 0.242508 0.6130312124849939 0.13273599999999997 0.12976590636254506
4 0.09561599999999999 0.6949399759903961 0.12651600000000002 0.01626050420168076
4 0.177172 0.7510864345738295 0.28896 0.08150060024009616
1 0.176012 0.8948139255702281 0.29932 0.18372749099639865
2 0.406128 0.16801920768307324 0.09036 0.02067226890756299
4 0.407916 0.20308523409363743 0.09593999999999997 0.015714285714285684
4 0.50376 0.24202881152460987 0.28962800000000005 0.05054621848739498
1 0.508552 0.39387755102040817 0.29053199999999996 0.23810324129651864
4 0.39853200000000005 0.5294657863145258 0.07583200000000001 0.019711884753901513
4 0.504648 0.5686134453781513 0.288732 0.04994597839135657
1 0.50546 0.6776110444177672 0.28368800000000005 0.1508043217286914
2 0.7259720000000001 0.16837334933973588 0.08621599999999999 0.02237695078031211
4 0.74262 0.20312124849939975 0.11617199999999993 0.013781512605042038
1 0.755292 0.2623889555822329 0.14084799999999995 0.09727490996398556
1 0.9003200000000001 0.26222088835534213 0.14401599999999998 0.09993997599039615
3 0.829924 0.44352941176470584 0.290116 0.21026410564225687
4 0.736136 0.5849399759903962 0.103208 0.017521008403361377
1 0.7570479999999999 0.6448859543817528 0.14636399999999994 0.09135654261704677
1 0.903392 0.6446038415366147 0.14415600000000012 0.09179471788715483
3 0.829656 0.7672388955582233 0.28557599999999994 0.10779111644657859
4 0.707136 0.8594717887154862 0.046536000000000056 0.01693277310924372
4 0.724268 0.9544957983193277 0.07880400000000008 0.0167587034813926