5 0.5139281460897182 0.039815972222222225 0.44280666931321966 0.051013888888888886
2 0.2061175069472013 0.16690972222222222 0.10527590313616517 0.032513888888888884
1 0.17953751488685987 0.34976388888888893 0.34945216355696707 0.31574305555555554
4 0.1919531560142914 0.5388576388888889 0.33868003175863437 0.045499999999999985
4 0.17189360857483127 0.5756493055555555 0.2985609368797142 0.02350347222222224
2 0.5527113934100834 0.16763888888888892 0.1008296943231442 0.028923611111111115
1 0.5539221913457721 0.34811458333333334 0.3563259229853116 0.3174930555555555
4 0.5473005160778087 0.5279236111111112 0.308441842000794 0.022315972222222216
4 0.5608118300913061 0.5632638888888889 0.3354624851131401 0.04754861111111113
2 0.839819372766971 0.1646423611111111 0.10539499801508527 0.02797916666666668
4 0.8742139737991266 0.25540625 0.23288011115522034 0.11187500000000002
4 0.8738229456133386 0.37788194444444445 0.23209606986899559 0.1312708333333333
4 0.8736542278682017 0.5110416666666666 0.2336859865025803 0.1316354166666667
2 0.48599245732433505 0.6348680555555556 0.17407899960301712 0.0317638888888889
4 0.2767705438666137 0.6734375 0.1239817387852322 0.021774305555555568
1 0.27785033743549026 0.8370034722222223 0.5242933703850735 0.29235069444444456
4 0.6535649067090115 0.6731527777777778 0.12745930924970233 0.021204861111111167
3 0.6545613338626439 0.83896875 0.1894998015085351 0.2995069444444444
4 0.8726836046050019 0.6728368055555556 0.11902739182215162 0.025423611111111043
1 0.8765184597062325 0.8425694444444444 0.2121695117109964 0.2937847222222223