5 0.4998148148148147 0.05824652777777777 0.4770688657407407 0.11208333333333334
2 0.24914641203703702 0.1800737847222222 0.46692129629629625 0.03220052083333336
4 0.1608130787037037 0.22404947916666668 0.2882899305555555 0.028967013888888893
0 0.11125289351851853 0.2622699652777778 0.19211226851851854 0.028936631944444475
1 0.40171874999999996 0.29921006944444445 0.16714988425925928 0.16605468749999996
0 0.15609375 0.3014236111111111 0.2836226851851852 0.035082465277777745
4 0.22563946759259257 0.35197048611111115 0.18274884259259258 0.04296875
2 0.10823495370370369 0.39923177083333333 0.18531828703703704 0.028897569444444413
4 0.19510995370370368 0.4487282986111111 0.3532291666666666 0.0315060763888889
4 0.16597800925925923 0.47837673611111114 0.29593460648148145 0.02801215277777776
4 0.24217881944444444 0.5086805555555556 0.39187210648148146 0.03167100694444436
4 0.24510706018518516 0.5407378472222222 0.39773148148148146 0.024227430555555627
1 0.25305555555555553 0.6448958333333333 0.49345486111111114 0.16245225694444443
2 0.1259230324074074 0.7529036458333334 0.22264178240740742 0.04114149305555554
1 0.2571556712962963 0.8916145833333334 0.4987355324074074 0.2002777777777777
4 0.7460706018518519 0.17657118055555554 0.41834780092592583 0.026041666666666668
4 0.6305642361111111 0.20549045138888888 0.18635995370370376 0.022547743055555576
4 0.6846672453703704 0.2316059027777778 0.2760677083333334 0.025125868055555573
4 0.637884837962963 0.2605859375 0.17958333333333337 0.02905381944444447
0 0.7484635416666667 0.30405381944444443 0.4947714120370371 0.04842881944444441
4 0.6513368055555555 0.3568793402777778 0.24846643518518513 0.036940104166666626
0 0.875150462962963 0.3548611111111111 0.18585358796296308 0.052591145833333366
4 0.6046440972222222 0.4081640625 0.15788483796296293 0.02776909722222223
0 0.7410908564814815 0.4084157986111111 0.11146412037037044 0.03411892361111107
4 0.8348234953703704 0.4078819444444444 0.06431134259259265 0.022434895833333357
0 0.8941550925925925 0.409609375 0.04608506944444457 0.027955729166666703
2 0.5881481481481482 0.4540060763888889 0.18488715277777773 0.02963975694444443
4 0.5428935185185185 0.5015321180555555 0.08331597222222224 0.02513888888888892
1 0.6652719907407407 0.5936241319444444 0.2977604166666667 0.155390625
4 0.6641782407407407 0.7020138888888889 0.29477719907407407 0.05899305555555559
1 0.8932465277777778 0.5842881944444445 0.15142650462962962 0.1408723958333334
4 0.8944039351851851 0.6940451388888889 0.1537471064814816 0.0783072916666667
2 0.6559432870370371 0.7790668402777778 0.3073408564814815 0.022282986111111173
4 0.5866666666666667 0.8296137152777778 0.14804976851851848 0.03626302083333341
4 0.5510821759259259 0.8593489583333334 0.07733217592592599 0.015850694444444438
4 0.5921701388888889 0.8980902777777777 0.15900173611111118 0.056289062499999924
1 0.8320659722222222 0.8884201388888889 0.2873061342592593 0.1708637152777778