5 0.3314160516605166 0.053693333333333336 0.6397647601476014 0.04738
2 0.11300276752767528 0.13999333333333333 0.1360608856088561 0.039980000000000016
3 0.493929889298893 0.21495333333333333 0.9232841328413284 0.10657333333333334
2 0.1619880073800738 0.3015933333333333 0.1094880073800738 0.036526666666666645
2 0.608399446494465 0.30498000000000003 0.213570110701107 0.04995333333333338
2 0.13312730627306274 0.6280266666666666 0.06561346863468635 0.04271333333333329
2 0.5941466789667896 0.6295999999999999 0.08128228782287814 0.0358733333333333
4 0.2613376383763838 0.39341333333333334 0.4258071955719557 0.09349333333333334
4 0.24753690036900367 0.48955333333333334 0.39128690036900365 0.05910000000000006
4 0.2013929889298893 0.68068 0.2943865313653137 0.02802666666666664
4 0.22531365313653137 0.7433266666666667 0.3422693726937269 0.08069333333333331
4 0.2250230627306273 0.8102266666666667 0.34168357933579335 0.05253999999999996
4 0.21483856088560885 0.8669466666666668 0.32625 0.057426666666666584
4 0.6122878228782288 0.4612733333333333 0.19517527675276747 0.23025333333333325
1 0.8262130996309963 0.4428066666666667 0.22284132841328408 0.19509333333333326
1 0.7030304428044281 0.7373933333333332 0.38773985239852393 0.15603333333333338
4 0.5536946494464945 0.8300333333333333 0.0841466789667896 0.022746666666666592
4 0.7150876383763838 0.8516533333333334 0.38354243542435423 0.016159999999999855
4 0.7161577490774909 0.8748733333333333 0.38690498154981545 0.021659999999999853
4 0.7402490774907748 0.90086 0.4326337638376385 0.02379999999999988