5 0.49386574074074074 0.06766927083333334 0.4572540509259259 0.07746961805555556
2 0.06340856481481481 0.18586805555555555 0.07194733796296296 0.019422743055555556
2 0.2887413194444445 0.18609375 0.05688078703703705 0.02087673611111112
2 0.7240046296296296 0.18708333333333335 0.0846238425925926 0.020329861111111125
4 0.13132523148148148 0.254453125 0.1936429398148148 0.08783420138888887
4 0.13205150462962964 0.3249001736111111 0.1962673611111111 0.05153211805555556
4 0.12892939814814813 0.37657118055555555 0.18768229166666667 0.0478515625
1 0.12924768518518517 0.5379340277777778 0.20619502314814817 0.27086371527777786
1 0.12683449074074074 0.8121093749999999 0.18041956018518518 0.2514539930555556
4 0.4364959490740741 0.21852430555555558 0.34051504629629636 0.01629340277777776
4 0.4361574074074074 0.23696180555555557 0.33880208333333334 0.013802083333333314
4 0.4582407407407408 0.26391927083333333 0.37967013888888884 0.030611979166666654
4 0.4505584490740741 0.29989583333333336 0.36595775462962965 0.032057291666666626
1 0.45396990740740745 0.5012847222222222 0.40067997685185186 0.36342447916666665
1 0.4599710648148148 0.8399565972222223 0.41637442129629637 0.20312934027777768
3 0.8201822916666667 0.30657552083333334 0.2818055555555556 0.11601996527777775
1 0.8219791666666667 0.5750607638888889 0.2733998842592592 0.37819010416666665
3 0.8229456018518518 0.8672178819444443 0.27602430555555546 0.09928385416666657
4 0.8216695601851852 0.7983333333333333 0.2602372685185185 0.025481770833333348
4 0.45546875 0.718984375 0.19912905092592595 0.023042534722222285
4 0.8227748842592594 0.23115017361111112 0.23158275462962974 0.022486979166666643