5 0.527076171875 0.06322729014948257 0.3776093749999999 0.08547719432732849
2 0.16905273437499999 0.2002798006899195 0.063521484375 0.03176312763510922
2 0.168962890625 0.6653008815638175 0.04454882812499998 0.033668072058259925
2 0.498728515625 0.5618666155615178 0.06825390625000001 0.029632042928325008
2 0.82698828125 0.4103909543886547 0.07015820312499992 0.034009198926791884
1 0.17123046875 0.34037178995783823 0.29443359375 0.2197508623993867
4 0.15933203125 0.4985013415101571 0.22156640625000001 0.04427366807205834
4 0.1724921875 0.5576926025297049 0.24475585937500002 0.04382138750479108
4 0.172970703125 0.6179647374472979 0.24884570312499998 0.04143349942506704
1 0.177083984375 0.8048447681103872 0.290478515625 0.2287466462246072
4 0.510330078125 0.22553468761977769 0.2814746093750001 0.06178612495208894
4 0.50437890625 0.3105672671521656 0.268529296875 0.06384055193560749
4 0.502705078125 0.3948371023380606 0.26518164062500005 0.06642008432349558
4 0.5003046875 0.4934457646607896 0.25829296875 0.08538903794557309
1 0.5092148437499999 0.7289306247604446 0.28133203125 0.25311996933691067
4 0.48283203124999996 0.889616711383672 0.20873242187500002 0.029497891912610208
4 0.5004375 0.9457263319279418 0.24498632812499999 0.049517056343426444
1 0.775771484375 0.2846607895745496 0.13790429687499994 0.20052127251820623
4 0.9150605468749999 0.2807627443464929 0.12937109374999983 0.09847834419317748
1 0.8262890625000001 0.5473093139133768 0.2592519531249999 0.1438597163664239
3 0.8204472656249999 0.6764124185511691 0.19906640624999997 0.08251820620927557
4 0.8243632812499999 0.7612801839785359 0.21734179687500008 0.05351475661172868
4 0.825052734375 0.8193369106937525 0.21454101562500005 0.038505174396320445
4 0.826359375 0.8783096972019931 0.2213339843749999 0.05195860482943672
4 0.820396484375 0.9443618244538138 0.203140625 0.046788041395170454