5 0.34022601476014763 0.04922666666666667 0.6620018450184502 0.07845333333333333
2 0.11248616236162362 0.13998666666666665 0.1373339483394834 0.04330666666666665
3 0.49691420664206637 0.21446666666666667 0.9269511070110702 0.10560666666666664
2 0.12523985239852398 0.29722666666666664 0.11672047970479704 0.03445999999999996
2 0.5730258302583026 0.30063999999999996 0.09900830258302587 0.04127999999999997
2 0.13325184501845017 0.6292 0.08199723247232471 0.03506666666666661
4 0.1193357933579336 0.34013333333333334 0.15597785977859782 0.019119999999999967
1 0.11925738007380074 0.40382 0.15883302583025832 0.10727333333333339
1 0.22959870848708486 0.4037266666666667 0.0547416974169742 0.11019999999999996
4 0.29833487084870847 0.3583266666666667 0.07419280442804424 0.015666666666666666
4 0.31467250922509227 0.37376666666666664 0.09351476014760148 0.009813333333333351
4 0.3033210332103321 0.3945466666666667 0.08502767527675273 0.014646666666666685
4 0.31341328413284136 0.40916 0.09185885608856093 0.01149333333333334
4 0.3093311808118081 0.43696 0.0957564575645756 0.014186666666666648
4 0.3119049815498155 0.4521733333333333 0.08755535055350551 0.01410666666666672
4 0.167200184501845 0.46932 0.25255996309963097 0.01726666666666673
4 0.10817804428044281 0.4950266666666666 0.13236162361623616 0.014519999999999983
4 0.24890221402214022 0.49344666666666664 0.13168819188191883 0.014473333333333357
1 0.10843634686346863 0.5566533333333333 0.13718634686346864 0.08859333333333325
1 0.24855166051660518 0.5550466666666667 0.13012453874538743 0.09036666666666664
4 0.5893357933579336 0.34876666666666667 0.15525369003690043 0.021106666666666683
1 0.648039667896679 0.41648666666666667 0.2766420664206641 0.11061333333333338
1 0.5961577490774908 0.5248066666666666 0.17446033210332104 0.10330666666666669
4 0.8288883763837638 0.38126666666666664 0.0749861623616237 0.027533333333333302
4 0.8293127306273063 0.41885999999999995 0.0758256457564575 0.024626666666666703
4 0.8405904059040591 0.4577 0.09520295202952034 0.026513333333333323
4 0.7872232472324724 0.50692 0.18393450184501844 0.033086666666666736
4 0.7929889298892989 0.5651733333333333 0.19467712177121768 0.06919999999999997
2 0.5957702952029521 0.62986 0.11488929889298889 0.03320666666666663
4 0.10593634686346863 0.67392 0.117320110701107 0.02026666666666665
1 0.12129151291512914 0.7440533333333332 0.11465867158671589 0.08817333333333348
4 0.21398062730627304 0.7218266666666667 0.059275830258302555 0.023046666666666774
1 0.3122555350553506 0.7455466666666666 0.11995848708487082 0.11871999999999995
3 0.10375461254612546 0.8289933333333334 0.10738929889298894 0.06740666666666675
4 0.27653136531365313 0.8395199999999999 0.2185470479704797 0.05172666666666676
4 0.2748108856088561 0.8958 0.21351937269372698 0.05057999999999993
4 0.10765682656826568 0.8806266666666667 0.08669280442804428 0.01220000000000012
0 0.10447878228782287 0.9084466666666667 0.08500461254612544 0.04028000000000005
4 0.6363745387453875 0.69824 0.19132841328413291 0.05396666666666662
4 0.63940036900369 0.7782 0.1949999999999999 0.07147999999999986
4 0.6370848708487085 0.87514 0.18878228782287831 0.08964666666666653
4 0.8414068265682657 0.6812933333333334 0.18583025830258307 0.025820000000000013
4 0.8652813653136532 0.7281733333333333 0.1612776752767528 0.05411999999999989
4 0.8714206642066422 0.7990799999999999 0.16958487084870852 0.0558133333333332
4 0.8591051660516605 0.8594200000000001 0.14256457564575642 0.03524666666666659