2 0.7997923790913531 0.07733228717143978 0.12425500732779673 0.03696743821106317
2 0.7984636052760137 0.34699489996076893 0.06786272594040056 0.03752451941938018
2 0.8045725451880802 0.8244605727736368 0.2282633121641427 0.03783052177324452
5 0.2956204201270151 0.33969007453903494 0.5016780654616512 0.21645351118085523
1 0.31988275525158766 0.6352412710867007 0.5436907669760626 0.31324440957238137
4 0.3201856375183195 0.8473558258140447 0.55080850024426 0.08100431541781074
4 0.7604225696140694 0.1302314633189486 0.24948949682462135 0.05235778736759515
4 0.7630508060576453 0.17486072969792077 0.253876404494382 0.031278932914868586
4 0.7659062042012701 0.20916830129462533 0.2604543234000978 0.03145154962730483
4 0.7589179286761114 0.2507924676343664 0.24648265754763077 0.04766182816790899
4 0.7843356130923302 0.2957355825814045 0.2981851489985343 0.03419380149078073
4 0.7923155837811431 0.4742487249901922 0.32893014167073775 0.20825814044723417
4 0.7458451392281387 0.6287681443703413 0.2299022960429898 0.09689289917614752
3 0.9119443087445042 0.6207650058846607 0.08817049340498297 0.08088662220478612
4 0.8015999022960429 0.7363083562181247 0.2979286761113826 0.10806198509219295
4 0.8091108939912066 0.9089799921537857 0.36165119687347347 0.12238524911730092