5 0.3431226937269373 0.04972 0.6724031365313653 0.039439999999999996
2 0.11478321033210331 0.14029999999999998 0.13731549815498154 0.04393999999999998
3 0.4977444649446495 0.21688666666666664 0.9355212177121772 0.10710666666666664
2 0.16034132841328413 0.30200666666666665 0.2145940959409594 0.04067999999999999
2 0.6075553505535055 0.3050866666666667 0.20496771217712173 0.04683333333333333
4 0.248330258302583 0.3717733333333333 0.37904520295202954 0.046879999999999956
4 0.2537130996309963 0.4326933333333333 0.3944234317343174 0.052053333333333285
4 0.2547832103321033 0.5521199999999999 0.38503228782287824 0.050913333333333415
4 0.24503228782287823 0.49094666666666664 0.3655258302583026 0.04522666666666661
1 0.5954243542435425 0.41553999999999996 0.15804889298892993 0.12500666666666665
4 0.6719557195571956 0.5873933333333333 0.2945525830258303 0.018120000000000042
4 0.22960332103321032 0.679 0.3623431734317343 0.027993333333333262
1 0.19374538745387454 0.8104333333333333 0.29754612546125464 0.19420666666666664
3 0.4213007380073801 0.8113333333333334 0.15005996309963102 0.19243999999999992
1 0.6858256457564575 0.52828 0.26929889298892995 0.08656666666666661
3 0.7530166051660516 0.42688000000000004 0.13995848708487077 0.09646000000000003