5 0.31254050925925925 0.07852864583333334 0.5730005787037036 0.07314670138888887
2 0.058642939814814804 0.16838541666666665 0.06713252314814813 0.024266493055555543
2 0.06756365740740741 0.3494097222222222 0.09268807870370369 0.030416666666666634
2 0.05032696759259259 0.5352430555555556 0.054354745370370376 0.025928819444444348
2 0.3870572916666667 0.5052951388888889 0.0816001157407408 0.023901909722222295
4 0.17778645833333334 0.2569401041666667 0.2833420138888889 0.1380946180555556
4 0.1781481481481481 0.3950911458333333 0.2782118055555555 0.05325086805555558
4 0.17867476851851852 0.44740885416666665 0.2773119212962963 0.050520833333333376
4 0.17744502314814814 0.49222656249999996 0.2787557870370371 0.03572048611111119
4 0.17608217592592593 0.580993923611111 0.27863715277777784 0.052204861111111195
0 0.17146122685185186 0.6377300347222222 0.16592881944444446 0.04463975694444441
4 0.09776331018518519 0.6752126736111111 0.11483796296296295 0.017122395833333255
4 0.1843721064814815 0.7078515625 0.288058449074074 0.039448784722222165
0 0.18065972222222224 0.7467404513888889 0.28258391203703703 0.032309027777777805
4 0.17912326388888888 0.7883940972222222 0.2769097222222222 0.03850694444444436
0 0.18085069444444443 0.8236675347222222 0.22635416666666666 0.029019097222222276
4 0.12255497685185188 0.8574609375 0.16572337962962963 0.02144965277777781
4 0.17941840277777782 0.8959374999999999 0.2761979166666667 0.05155381944444443
0 0.18258969907407407 0.9405121527777778 0.26497106481481486 0.03332899305555554
1 0.4983478009259259 0.29418836805555554 0.3020081018518518 0.28405381944444447
4 0.4809837962962963 0.5347699652777778 0.2544415509259259 0.021731770833333403
1 0.5024334490740741 0.6316493055555555 0.3204513888888889 0.1577083333333334
4 0.44669560185185186 0.7498090277777778 0.1848292824074074 0.017712673611111087
4 0.4867447916666667 0.7664322916666666 0.24180844907407403 0.01411024305555565
4 0.49118055555555556 0.8014453125 0.25260706018518525 0.015503472222222136
4 0.49130208333333336 0.7848654513888889 0.251886574074074 0.01485243055555547
3 0.5022222222222221 0.8709722222222221 0.3024103009259259 0.08230468749999995
1 0.8217650462962963 0.23497395833333334 0.29692997685185174 0.17434895833333336
1 0.8242013888888889 0.49269097222222225 0.2894907407407409 0.2658940972222222
1 0.8276331018518519 0.7819140625 0.29429687500000007 0.2090190972222222