5 0.5307305555555556 0.047025 0.5485 0.044054166666666665
2 0.24092777777777777 0.16854166666666667 0.1300055555555555 0.031524999999999984
2 0.7402388888888889 0.1686375 0.06381388888888877 0.02893750000000002
1 0.24003333333333332 0.3926208333333333 0.4502805555555556 0.40270833333333333
0 0.1314611111111111 0.22454999999999997 0.002311111111111125 0.013512500000000026
1 0.13915 0.8061 0.25109166666666666 0.29297499999999993
4 0.24037222222222226 0.6266208333333334 0.437825 0.06135833333333324
1 0.6140111111111112 0.27865 0.2569638888888889 0.1594083333333333
4 0.5806416666666666 0.4031958333333333 0.17989166666666664 0.018354166666666647
4 0.6430888888888888 0.42275 0.2940444444444444 0.01790416666666668
4 0.705175 0.4425 0.4182194444444445 0.017858333333333386
4 0.7401805555555556 0.46170416666666664 0.4872527777777777 0.01817916666666671
2 0.7392083333333334 0.5196166666666666 0.1014527777777779 0.03149166666666663
1 0.6154777777777777 0.6676708333333333 0.24820555555555554 0.2476458333333333
1 0.8703055555555556 0.6763250000000001 0.23446111111111123 0.26975000000000005
3 0.6149388888888889 0.8856333333333333 0.25173333333333325 0.1384250000000001
3 0.8667277777777778 0.8987333333333334 0.22588888888888883 0.1115416666666666
4 0.1403888888888889 0.9684916666666668 0.12521944444444444 0.0203125
1 0.3663027777777778 0.8093666666666667 0.1918666666666667 0.2909541666666666
4 0.34940277777777773 0.9694499999999999 0.08583888888888888 0.022233333333333195
4 0.6199611111111112 0.37195 0.16214166666666668 0.018895833333333296
1 0.8684972222222223 0.27857916666666666 0.2388444444444445 0.1571541666666667
4 0.8708472222222223 0.37164583333333334 0.21021111111111118 0.021070833333333306
4 0.6079305555555556 0.7987833333333333 0.15068333333333334 0.013799999999999955
4 0.8633111111111111 0.8208958333333334 0.09676944444444441 0.014275000000000091
4 0.8663555555555555 0.9642541666666666 0.10169444444444455 0.013987499999999879
4 0.6102361111111111 0.9686625 0.15179444444444445 0.01580416666666679