5 0.5123875 0.04353492733239568 0.6366187499999999 0.044566338490389115
2 0.063415625 0.15912330051570558 0.11266562499999999 0.04408813877168306
2 0.04909375 0.41112986404125645 0.082603125 0.04228316924519459
2 0.757109375 0.15999531176746365 0.13158749999999997 0.037323019221753406
4 0.16686250000000002 0.22554149085794656 0.293125 0.05210501640881387
4 0.169871875 0.31643225503985 0.297109375 0.12120018752930145
4 0.041653125 0.47253164556962024 0.06503124999999998 0.02680731364275671
1 0.1641875 0.6106891701828411 0.31416562500000006 0.2452508204406938
4 0.17122812499999998 0.7705532114392873 0.301853125 0.04417721518987343
4 0.17046875 0.8351054852320675 0.29932187499999996 0.07126113455227379
4 0.169934375 0.9340084388185653 0.29825312499999995 0.11830285982184713
4 0.515459375 0.680886075949367 0.3082031250000001 0.14047819971870598
4 0.514978125 0.810956399437412 0.30724062499999993 0.1158462259728082
4 0.5147875 0.9310360993905298 0.30787500000000007 0.11996718237224571
4 0.42431874999999997 0.5832255039849976 0.15637500000000004 0.031950304735114905
4 0.421265625 0.17230661040787623 0.15432812499999998 0.02634317862165966
1 0.50448125 0.2970417252695734 0.3248187500000001 0.2118565400843882
4 0.51248125 0.45600562587904364 0.30732499999999996 0.0729395218002813
4 0.51231875 0.520196905766526 0.30801562499999996 0.0520862634786685
4 0.8044218750000001 0.2025222691045476 0.22329687500000006 0.02434130332864508
3 0.8417656250000001 0.2903422409751523 0.3010312500000001 0.14820440693858414
4 0.79904375 0.386826066572902 0.21761875000000003 0.03052039381153301
3 0.8415531249999999 0.4515096108766995 0.3016218749999999 0.09897796530707928
3 0.8415531249999999 0.6240787623066104 0.29451562499999995 0.17913736521331453
4 0.78446875 0.5192686357243319 0.1833937499999999 0.028917018284106814
4 0.7584093749999999 0.7340506329113924 0.12822812499999997 0.02904360056258782
1 0.839946875 0.8710876699484295 0.2770937499999999 0.24981715893108303