5 0.41959833072509123 0.04434262948207171 0.7966249347939489 0.040446215139442236
2 0.27461658841940534 0.14227091633466135 0.5341262389149714 0.03494023904382472
4 0.21402190923317682 0.18266135458167332 0.4156859676577986 0.022749003984063754
4 0.49373500260824205 0.18052589641434263 0.0932342201356286 0.022828685258964126
4 0.1939019300991132 0.2076175298804781 0.3764058424621805 0.020406374501992043
4 0.47515388628064686 0.20816733067729085 0.15111111111111114 0.018605577689243046
1 0.26850286906624937 0.2724462151394422 0.5256077203964529 0.0803824701195219
1 0.26796035472091806 0.3693625498007968 0.5254616588419405 0.11600796812749006
2 0.17618153364632239 0.46844621513944223 0.33526343244653106 0.03402390438247015
4 0.1977621283255086 0.5186772908366535 0.3476630151278039 0.03043824701195223
0 0.2642775169535733 0.5650278884462151 0.2838445487741262 0.05280478087649401
4 0.14549295774647888 0.6139043824701196 0.27924882629107983 0.02640637450199211
0 0.3399374021909233 0.6150677290836654 0.10014606155451226 0.030119521912350563
4 0.4265623369848722 0.6151075697211156 0.06931664058424628 0.0232988047808765
0 0.48651017214397496 0.6144143426294821 0.045633802816901416 0.030191235059761037
4 0.2736358894105373 0.6473864541832669 0.4976056338028168 0.02854183266932266
2 0.05850286906624935 0.6961115537848606 0.10255607720396451 0.028071713147410374
4 0.12227960354720918 0.7288366533864542 0.19850808555033908 0.02869322709163346
4 0.07378195096504955 0.7827011952191235 0.11415232133541994 0.030207171314741103
0 0.3370839853938446 0.7771633466135458 0.3256077203964528 0.041211155378486075
0 0.3238393322900365 0.8273306772908366 0.3902503912363068 0.042892430278884404
0 0.1445226917057903 0.8828366533864542 0.21519561815336463 0.02956972111553795
0 0.39213354199269695 0.8827490039840636 0.2215023474178403 0.030701195219123664
4 0.14890453834115805 0.9092350597609561 0.15181011997913404 0.022733067729083824
4 0.3795357329160146 0.9103187250996017 0.10972352634324462 0.023609561752988135
4 0.2383568075117371 0.9462549800796812 0.43003129890453834 0.02546613545816736
2 0.6893844548774126 0.13763346613545815 0.2498382889932186 0.030215139442231087
1 0.6702556077203965 0.2537370517928287 0.1912050078247261 0.17944223107569718
1 0.880584246218049 0.25145019920318723 0.2120709441836202 0.18264541832669326
0 0.7733333333333333 0.40318725099601593 0.4160354720918101 0.09067729083665335
2 0.7303338549817423 0.4674661354581673 0.3342775169535733 0.027346613545816682
4 0.7785863328116849 0.49745816733067727 0.3917423056859676 0.02638247011952183
4 0.6911424100156495 0.5234820717131474 0.2151591027647366 0.022677290836653416
1 0.6731090245174752 0.6057051792828685 0.09760563380281696 0.13526693227091632
1 0.8232603025560772 0.6053227091633466 0.20013041210224314 0.13838247011952198
2 0.718810641627543 0.6910517928286852 0.3129368805425144 0.03108366533864541
4 0.6669900886802295 0.7201115537848606 0.20926969222743874 0.019952191235059733
1 0.774585289514867 0.8580796812749005 0.29628586332811685 0.24839043824701196