5 0.328395 0.05479369842460616 0.6407849999999998 0.08558889722430608
2 0.156355 0.19389347336834206 0.10071499999999999 0.033690922730682644
4 0.15375 0.2608627156789197 0.255495 0.08062265566391599
1 0.5321699999999999 0.3768192048012003 0.4063399999999999 0.2825206301575394
4 0.85933 0.3716654163540885 0.23865499999999998 0.2692048012003001
3 0.74403 0.8358964741185296 0.43605999999999995 0.1823030757689423
4 0.15247 0.3639384846211553 0.25494 0.08272318079519879
4 0.159365 0.47821455363840965 0.26672500000000005 0.10421605401350344
1 0.24516999999999997 0.7055063765941486 0.466345 0.21971492873218312
2 0.649365 0.1965266316579145 0.24273000000000003 0.03597149287321832
2 0.2489 0.570570142535634 0.379805 0.03986496624156047
2 0.747135 0.5671792948237059 0.08026999999999998 0.030075018754688612
1 0.74124 0.6552738184546136 0.4544749999999999 0.1312603150787697
4 0.23294 0.8804576144036009 0.443875 0.11050262565641424