5 0.37921249999999995 0.055715 0.6050899999999999 0.05475999999999999
1 0.1565025 0.244685 0.2998125 0.19703499999999996
4 0.05107249999999999 0.35771499999999995 0.079815 0.025184999999999947
4 0.0925325 0.38685 0.1607025 0.024585000000000037
4 0.1560125 0.424205 0.2937524999999999 0.04448500000000001
4 0.09530000000000001 0.46557 0.16624 0.02570500000000004
4 0.1565125 0.50455 0.29272249999999994 0.04479499999999996
4 0.15725 0.5698 0.2941975 0.07784500000000003
4 0.049025 0.6303099999999999 0.0787625 0.026309999999999945
4 0.1596025 0.659535 0.2684525 0.0238599999999999
4 0.1614675 0.68668 0.27420999999999995 0.023325000000000047
4 0.15866000000000002 0.71824 0.2665675 0.025549999999999955
2 0.420645 0.16641499999999998 0.18962249999999994 0.02628000000000003
3 0.428045 0.31606 0.20239250000000003 0.26873
3 0.6230275000000001 0.24392 0.18024500000000013 0.12647499999999998
3 0.6223150000000001 0.374145 0.17475749999999993 0.11488999999999999
1 0.8531 0.31277999999999995 0.27090499999999995 0.24187
2 0.3520575 0.465715 0.04534000000000003 0.021940000000000053
1 0.51722 0.61026 0.38074 0.26230500000000007
4 0.8519575 0.523655 0.283845 0.07082500000000004
0 0.76328 0.595705 0.10446499999999992 0.0443900000000001
0 0.9060349999999999 0.591835 0.15752500000000008 0.04477500000000009
1 0.851985 0.67824 0.27882500000000005 0.1201400000000001
2 0.07638500000000001 0.7590800000000001 0.11216499999999999 0.023990000000000008
3 0.1224675 0.880325 0.2023025 0.21775999999999998
3 0.2969 0.8781100000000001 0.14311500000000002 0.2153599999999999
3 0.4518725 0.879465 0.16072249999999996 0.21806999999999993
3 0.6213525 0.8797699999999999 0.17181750000000012 0.22071000000000005
1 0.847155 0.87536 0.267135 0.21798