5 0.34421875 0.04988759689922481 0.6545839843750001 0.04551162790697675
2 0.04833984375 0.16676356589147287 0.0498046875 0.026034883720930217
2 0.3057578125 0.1658953488372093 0.10500390624999997 0.02687984496124032
2 0.09493164062500001 0.601860465116279 0.14298828125000002 0.028011627906976738
2 0.512537109375 0.16459689922480622 0.04200195312500003 0.026868217054263586
4 0.1298828125 0.3844147286821705 0.21332421875000004 0.3643410852713178
1 0.07329882812499999 0.6853720930232559 0.10273828125 0.10353488372093018
4 0.18821484375000003 0.6879922480620155 0.09004687500000001 0.08317441860465122
4 0.0491328125 0.7557596899224805 0.058917968749999994 0.016465116279069776
4 0.055234375 0.7898410852713178 0.069189453125 0.04622868217054272
1 0.055396484375 0.8774263565891474 0.05016406249999998 0.11643798449612397
4 0.1329375 0.754906976744186 0.07043945312499998 0.01603875968992252
4 0.16407617187500004 0.7916937984496123 0.13207226562500002 0.049937984496124
1 0.167599609375 0.877531007751938 0.14621093750000003 0.11537209302325575
4 0.287056640625 0.21920542635658913 0.06755468750000002 0.031403100775193794
1 0.30162304687499997 0.3258759689922481 0.10327734374999994 0.17444961240310075
1 0.42317968749999996 0.32362015503875974 0.10916796874999997 0.1748488372093024
4 0.31096484375 0.46068604651162787 0.11289843749999999 0.08936821705426364
4 0.424818359375 0.4530503875968992 0.10503125000000005 0.07573255813953483
4 0.335228515625 0.5420968992248062 0.16389453125000003 0.018441860465116252
4 0.4133671875 0.6304496124031007 0.09860351562500003 0.10361240310077525
1 0.303203125 0.6426046511627908 0.09655273437499998 0.16715116279069767
4 0.35938085937500003 0.7581356589147287 0.21219921875000006 0.020627906976744107
1 0.3107890625 0.8463643410852713 0.11501953125000001 0.12189922480620155
4 0.42233593750000004 0.851124031007752 0.09677343750000005 0.11343410852713173
4 0.50834375 0.2135542635658915 0.03733593749999997 0.016829457364341112
4 0.51200390625 0.23955426356589146 0.04877343750000005 0.014887596899224838
4 0.653484375 0.24008527131782945 0.06321679687500001 0.014313953488372118
4 0.5514218750000001 0.27078294573643413 0.12760937499999994 0.028306201550387586
4 0.550044921875 0.3097015503875969 0.12403320312500003 0.0407635658914729
4 0.5465058593750001 0.34686046511627905 0.11695312500000003 0.028445736434108564
4 0.55262109375 0.37589534883720926 0.13000976562499994 0.02930620155038756
4 0.687642578125 0.31483720930232556 0.13163085937499996 0.10407751937984495
4 0.61848828125 0.41697674418604647 0.2584511718750001 0.02156589147286817
4 0.647001953125 0.3846007751937984 0.049429687499999986 0.018926356589147257
1 0.535822265625 0.5269379844961241 0.09558789062499998 0.1793720930232557
1 0.67229296875 0.5234573643410853 0.16260937500000008 0.18385271317829463
4 0.6882949218750001 0.6535348837209302 0.10730468749999993 0.06478682170542639
4 0.54608984375 0.652406976744186 0.11612304687500004 0.06579844961240318
4 0.52519921875 0.7123837209302326 0.07351953125000002 0.019027131782945794
3 0.620921875 0.7940775193798448 0.26249414062500004 0.13500775193798448
3 0.622634765625 0.8955038759689923 0.26674218750000006 0.06489147286821709
4 0.81904296875 0.21022480620155037 0.09946093749999996 0.01834496124031005
3 0.873751953125 0.27726744186046515 0.1998164062499999 0.10829069767441864
4 0.8757578125000001 0.35533333333333333 0.21206640625000003 0.04375581395348841
4 0.815537109375 0.40827131782945736 0.08915234374999992 0.013965116279069845
3 0.87557421875 0.4647519379844961 0.21087304687500003 0.0909651162790698
4 0.80538671875 0.5454457364341085 0.06885156250000009 0.013705426356589197
3 0.83478125 0.6149341085271318 0.132583984375 0.11672093023255808
4 0.94272265625 0.6157403100775194 0.07253320312500015 0.10525581395348835
1 0.8706953125 0.7495193798449612 0.21347070312499997 0.13089534883720924
4 0.8679726562500001 0.8754883720930233 0.20473046874999995 0.11639534883720937