5 0.38442592592592595 0.08023280423280424 0.6894894179894181 0.09697354497354498
2 0.18702910052910054 0.19499470899470897 0.07247354497354498 0.026677248677248716
2 0.6604365079365079 0.19305820105820107 0.16478571428571437 0.029858906525573204
4 0.18404761904761907 0.25515343915343913 0.2819365079365079 0.052670194003527314
4 0.19714285714285715 0.3225149911816579 0.2586904761904762 0.07440211640211643
4 0.1900740740740741 0.4043280423280423 0.24455026455026457 0.07605996472663143
4 0.6533386243386243 0.2559541446208113 0.5510132275132275 0.05238447971781305
4 0.660537037037037 0.31383774250440916 0.5583492063492063 0.049513227513227474
0 0.571957671957672 0.3706490299823633 0.2724338624338625 0.055788359788359776
0 0.8152010582010583 0.36800352733686065 0.15156084656084645 0.05426102292768957
4 0.6692539682539683 0.4492169312169312 0.5743703703703703 0.1018059964726631
2 0.1897910052910053 0.49673721340388005 0.24963492063492065 0.02923809523809519
3 0.33449470899470896 0.7166772486772487 0.5913042328042328 0.3711851851851852
4 0.805026455026455 0.6057037037037037 0.25409259259259265 0.10592239858906524
1 0.8036984126984127 0.7938906525573192 0.3150026455026455 0.21675837742504417
4 0.5085978835978836 0.9456543209876542 0.9218835978835977 0.05500176366843044