5 0.23271527777777778 0.04659722222222222 0.3983009259259259 0.06541666666666666
2 0.06607638888888889 0.1914965277777778 0.07143055555555557 0.018645833333333348
4 0.16834722222222223 0.2551076388888889 0.2759699074074074 0.05044097222222221
4 0.12677546296296296 0.2901111111111111 0.17219675925925929 0.015440972222222231
4 0.14532175925925925 0.3078090277777778 0.20720370370370367 0.013291666666666656
4 0.16336805555555556 0.32485416666666667 0.24381712962962962 0.013749999999999969
4 0.12730092592592593 0.34228125 0.1722060185185185 0.011833333333333309
4 0.167125 0.3940972222222222 0.2758425925925927 0.03333333333333333
4 0.1581921296296296 0.4292222222222222 0.23607407407407405 0.03161805555555554
4 0.1705601851851852 0.4650243055555556 0.26028935185185187 0.032815972222222295
4 0.17264583333333336 0.4924618055555555 0.2649837962962963 0.01807291666666673
2 0.053203703703703704 0.5393611111111111 0.04382638888888889 0.01956944444444449
4 0.09390972222222224 0.5684444444444444 0.12524074074074074 0.014371527777777733
4 0.1587361111111111 0.6225347222222223 0.25906481481481486 0.0685763888888889
4 0.16225231481481484 0.6762291666666667 0.2681851851851852 0.032819444444444436
1 0.1792083333333333 0.8330868055555556 0.3062685185185185 0.25187847222222215
2 0.38472222222222224 0.19109375 0.04793518518518517 0.02293402777777776
1 0.4968078703703704 0.326375 0.27310879629629625 0.23487152777777773
4 0.45514583333333336 0.4586631944444445 0.18377083333333336 0.015440972222222153
3 0.49824768518518514 0.5560520833333333 0.21586342592592586 0.1455833333333334
4 0.4859560185185185 0.6657361111111111 0.2423842592592593 0.014718749999999956
3 0.5097453703703704 0.7449340277777777 0.35409953703703706 0.11749652777777782
4 0.4948773148148148 0.8413611111111111 0.2622314814814815 0.017236111111111226
3 0.506349537037037 0.9188020833333334 0.2901851851851851 0.11800694444444433
1 0.8276388888888889 0.31640277777777776 0.24632870370370377 0.2915902777777778
4 0.8302847222222222 0.47693402777777777 0.20853240740740733 0.017409722222222177
1 0.8323657407407408 0.5869930555555556 0.20567824074074068 0.1849131944444445
4 0.8334398148148148 0.6929305555555556 0.26394212962962954 0.01950347222222225
1 0.827849537037037 0.7756111111111111 0.23873611111111115 0.13676041666666663
4 0.834738425925926 0.8630208333333333 0.2505092592592592 0.03500347222222236
2 0.7488611111111111 0.8956770833333334 0.07073842592592595 0.022149305555555544
4 0.8449699074074074 0.9223819444444444 0.24491435185185179 0.03046875
4 0.8490671296296296 0.9599375 0.2511064814814814 0.043947916666666566