5 0.20872685185185186 0.07572222222222223 0.3649837962962963 0.07505555555555557
2 0.056712962962962965 0.17610416666666667 0.0563263888888889 0.02581944444444445
2 0.11127314814814816 0.5460208333333333 0.1685324074074074 0.027225694444444393
2 0.4620023148148148 0.6536354166666667 0.20487037037037037 0.027177083333333327
2 0.4612384259259259 0.17913541666666666 0.2033425925925926 0.02030902777777778
2 0.7671388888888889 0.17585069444444443 0.1407615740740741 0.02531249999999999
2 0.7652800925925927 0.3853888888888889 0.14475694444444454 0.027718749999999976
2 0.7684074074074074 0.6146527777777778 0.1463842592592593 0.02560416666666659
4 0.16744675925925925 0.31300347222222225 0.2777939814814815 0.22785416666666664
4 0.05172685185185186 0.44355208333333335 0.04687268518518519 0.01680902777777773
4 0.0734837962962963 0.46525347222222224 0.06543287037037036 0.014128472222222242
4 0.09873611111111112 0.48261458333333335 0.11948148148148148 0.01516666666666661
4 0.2149837962962963 0.4488993055555555 0.06365277777777778 0.01509374999999993
4 0.2329490740740741 0.4666319444444445 0.09958333333333334 0.015107638888888966
4 0.2207824074074074 0.48453125 0.07406712962962961 0.013684027777777727
4 0.16619212962962965 0.5911631944444444 0.27448379629629627 0.031979166666666635
4 0.08164351851851852 0.6595798611111111 0.08411805555555556 0.027006944444444514
3 0.2097361111111111 0.6612604166666667 0.11696296296296294 0.08177430555555547
3 0.16497453703703704 0.7586493055555555 0.23541435185185183 0.09398263888888891
4 0.1730578703703704 0.9514618055555556 0.2279513888888889 0.032937499999999884
4 0.18181944444444445 0.8391319444444444 0.1956041666666667 0.0277673611111112
4 0.14042592592592593 0.8676631944444444 0.09546064814814816 0.02290625000000009
4 0.18272685185185186 0.888638888888889 0.18081481481481484 0.01306597222222226
4 0.19129398148148147 0.905704861111111 0.19644444444444448 0.013427083333333359
4 0.043284722222222224 0.8656319444444445 0.058048611111111106 0.015465277777777765
4 0.04267824074074074 0.8873020833333333 0.05383333333333333 0.014895833333333207
4 0.04522916666666666 0.9038159722222221 0.03941898148148147 0.014152777777777854
4 0.4827546296296296 0.9115034722222223 0.21494212962962966 0.01151041666666654
4 0.4305208333333333 0.8702256944444444 0.11122453703703698 0.015649305555555455
4 0.45023379629629623 0.8190381944444444 0.1521504629629629 0.01572569444444443
0 0.49592129629629633 0.9378402777777778 0.1474537037037037 0.027027777777777828
0 0.4834537037037037 0.8931423611111111 0.11951851851851851 0.02320138888888879
0 0.5121064814814815 0.8407534722222222 0.17757175925925925 0.01637152777777765
4 0.45027314814814823 0.72284375 0.1507314814814815 0.016979166666666542
4 0.4756666666666667 0.6934201388888889 0.20301620370370366 0.017802083333333326
4 0.4724236111111111 0.7533472222222222 0.19503009259259255 0.016065972222222374
4 0.49809027777777776 0.77084375 0.14728935185185185 0.015034722222222286
4 0.49421527777777785 0.7901979166666666 0.14404398148148154 0.01659027777777769
0 0.5697268518518518 0.4838576388888889 0.08415509259259263 0.04788888888888891
4 0.5724490740740741 0.5426979166666667 0.12112037037037032 0.032725694444444446
4 0.5828541666666667 0.5791145833333333 0.14193518518518516 0.01886458333333331
4 0.4971111111111111 0.21476041666666668 0.2489097222222222 0.01970833333333333
4 0.4939375 0.24650347222222221 0.27108333333333334 0.033659722222222244
4 0.8317569444444445 0.22041319444444443 0.274736111111111 0.05231597222222225
3 0.8388472222222223 0.30507986111111113 0.2653101851851853 0.08936805555555552
4 0.7093402777777778 0.4144652777777778 0.020875000000000067 0.016496527777777853
4 0.7305555555555555 0.4780729166666666 0.06191898148148143 0.01768055555555558
4 0.750712962962963 0.5391493055555555 0.10362037037037045 0.016923611111111035
4 0.7697083333333333 0.4332638888888889 0.12017129629629637 0.01438541666666661
4 0.7661689814814815 0.4507013888888889 0.11439583333333324 0.018138888888888812
0 0.8531689814814815 0.43263541666666666 0.04397222222222223 0.01534027777777772
0 0.8477523148148148 0.4499722222222223 0.04771990740740732 0.018767361111111176
0 0.802537037037037 0.5067638888888889 0.10796990740740747 0.025062499999999942
0 0.8026898148148148 0.5685972222222222 0.1693842592592592 0.025826388888888926
3 0.9373912037037037 0.46757638888888886 0.08395370370370367 0.06751736111111105
4 0.9402314814814815 0.5151354166666666 0.07088657407407398 0.024097222222222252
4 0.8309398148148148 0.6650277777777778 0.2501898148148147 0.0322430555555556
4 0.8298981481481481 0.7021666666666667 0.24949074074074068 0.03464930555555562
4 0.8295462962962962 0.7410798611111111 0.24809259259259253 0.03331597222222216
4 0.7437939814814815 0.7708020833333333 0.07867361111111108 0.01985069444444447
1 0.4280254629629629 0.3498680555555555 0.12092129629629626 0.14052430555555553
1 0.5811990740740741 0.35121875 0.13412962962962954 0.14257291666666672
1 0.42787731481481484 0.5232604166666667 0.11915740740740735 0.1566701388888889