5 0.4946484375 0.07951171875 0.5591699218750001 0.09447916666666667
2 0.20320312500000004 0.22277994791666667 0.3892626953125 0.02692057291666668
1 0.199599609375 0.3304231770833333 0.39276855468749994 0.17505859374999996
4 0.2115576171875 0.45141927083333333 0.3620361328125 0.025553385416666668
3 0.12927734375 0.5455859375 0.22525390624999997 0.1548893229166667
4 0.32 0.5495052083333333 0.14737792968749996 0.1366145833333333
4 0.19827636718750002 0.653359375 0.3691259765625 0.028313802083333266
1 0.20037109375 0.7289518229166667 0.37919921875000007 0.1102929687499999
4 0.1998291015625 0.8117903645833334 0.38594238281249993 0.025253906249999975
3 0.20016601562499997 0.908828125 0.3787890625 0.15141927083333329
4 0.4980810546875 0.8924088541666667 0.18426269531250006 0.021946614583333357
4 0.5115234375 0.9141145833333333 0.20919433593749998 0.018352864583333368
4 0.653544921875 0.9339388020833334 0.06133300781250006 0.10631510416666679
1 0.5062353515625 0.9587630208333334 0.19861328125000005 0.0684830729166667
3 0.5458447265625 0.7406770833333334 0.27685058593750006 0.26770833333333327
2 0.5495849609375 0.5876497395833333 0.29216796875000006 0.028776041666666696
2 0.5486865234375 0.22505859375 0.265888671875 0.029648437499999975
3 0.5472314453125 0.32763020833333334 0.2894189453125 0.16687499999999997
4 0.548623046875 0.4366796875 0.28339355468749994 0.04024088541666663
4 0.5461669921875 0.4790364583333333 0.2784765625000001 0.04138671874999996
4 0.5482373046875 0.5322265625 0.2816357421875 0.061575520833333286
2 0.8487744140625 0.20585286458333332 0.2755029296875 0.025188802083333295
3 0.8475146484375 0.27924479166666666 0.2720068359375001 0.10666666666666669
4 0.8506689453125 0.36330078125 0.26362792968749993 0.03973958333333331
4 0.849990234375 0.4054166666666667 0.26226562499999995 0.04169921874999997
2 0.8494140625 0.46751953125 0.2904931640624999 0.023580729166666686
1 0.76978515625 0.60072265625 0.11752929687499991 0.21685546875000003
4 0.9146044921875 0.5964127604166667 0.16427734375000003 0.21215494791666675
4 0.848193359375 0.7570768229166666 0.2704199218750001 0.04378906250000014
1 0.80203125 0.8921223958333333 0.19768554687500006 0.20680989583333323
4 0.94544921875 0.8438216145833333 0.08689453125000002 0.11020833333333346