5 0.49940972222222224 0.04331163194444445 0.45359374999999996 0.0741015625
2 0.4997771990740741 0.17769097222222222 0.7853125 0.044253472222222236
2 0.17050636574074074 0.23462239583333336 0.2954398148148148 0.03021267361111109
2 0.17071180555555557 0.5371875 0.05581886574074075 0.033745659722222224
4 0.10274594907407408 0.2808116319444445 0.18576099537037039 0.05179253472222219
0 0.08797743055555556 0.33135850694444446 0.1473090277777778 0.03736545138888885
0 0.0997193287037037 0.3709635416666667 0.1720688657407407 0.03732638888888889
1 0.2638657407407407 0.378203125 0.13373842592592594 0.2503906249999999
4 0.1032349537037037 0.45146267361111114 0.18419270833333337 0.11430989583333329
4 0.029363425925925928 0.5668836805555555 0.03962962962962963 0.017673611111111025
1 0.17116319444444444 0.6385894097222222 0.32132523148148145 0.12098958333333343
1 0.17089699074074077 0.8028689236111111 0.3220659722222222 0.2070442708333332
4 0.03752314814814815 0.9231163194444445 0.05149305555555556 0.01599392361111127
4 0.11480324074074073 0.9422526041666666 0.1852690972222222 0.015217013888889063
4 0.17558449074074078 0.9669531250000001 0.3079050925925926 0.030164930555555556
2 0.6659114583333333 0.2344921875 0.23991319444444448 0.027473958333333312
4 0.3859577546296296 0.2629904513888889 0.08657986111111118 0.017517361111111067
1 0.39537615740740745 0.3298480902777778 0.10787326388888888 0.10693142361111106
1 0.5036082175925926 0.32875868055555557 0.10594039351851856 0.1047569444444445
1 0.6117042824074075 0.3277951388888889 0.10546585648148142 0.10688368055555555
1 0.43265335648148145 0.4353298611111111 0.11537037037037044 0.10196614583333331
1 0.578365162037037 0.4344921875 0.12502893518518524 0.10582465277777775
4 0.5013078703703704 0.5093446180555555 0.2957465277777778 0.03220920138888891
4 0.5030005787037036 0.5427734375 0.2997424768518518 0.027083333333333372
4 0.483978587962963 0.5861414930555555 0.2826157407407408 0.03353732638888888
1 0.49783854166666663 0.7579904513888889 0.2906510416666667 0.29418402777777763
4 0.506021412037037 0.9278168402777778 0.30455439814814816 0.03401041666666652
4 0.47324652777777776 0.9533203124999999 0.23839409722222218 0.014887152777777857
4 0.44817708333333334 0.9697092013888889 0.18763888888888888 0.015368923611111049
4 0.8034577546296297 0.26361979166666666 0.2674189814814814 0.016184895833333317
3 0.8307986111111111 0.40981336805555557 0.30276331018518526 0.2761458333333333
4 0.8200202546296296 0.5542317708333333 0.2959924768518518 0.012977430555555594
4 0.7325347222222222 0.5780295138888889 0.12614583333333335 0.017916666666666754
1 0.7231452546296296 0.6614236111111111 0.10679398148148146 0.14801649305555545
1 0.83046875 0.6619748263888889 0.10587384259259248 0.14656249999999993
1 0.9367390046296296 0.6619791666666667 0.1056857638888889 0.1482725694444444
4 0.8327141203703704 0.7524348958333333 0.29976851851851855 0.032278645833333286
4 0.801333912037037 0.7783897569444445 0.23700520833333338 0.015928819444444367