5 0.4805642361111111 0.06760416666666666 0.44607928240740735 0.08601996527777778
2 0.0652662037037037 0.17780381944444446 0.06880497685185184 0.0257465277777778
2 0.1150954861111111 0.45260416666666664 0.17231770833333332 0.02557725694444442
2 0.44677662037037036 0.17654947916666666 0.1759635416666667 0.026132812500000015
2 0.7213686342592593 0.17759114583333335 0.05384548611111115 0.025325520833333344
4 0.1687037037037037 0.22448350694444447 0.2814670138888889 0.0525564236111111
4 0.1669820601851852 0.27081163194444446 0.28188078703703706 0.03814670138888893
4 0.05863136574074074 0.3156032986111111 0.057462384259259265 0.014887152777777758
4 0.15563657407407408 0.3397352430555556 0.22639756944444447 0.01395833333333337
4 0.116490162037037 0.3599088541666667 0.15582175925925926 0.016692708333333348
4 0.17381076388888891 0.3928298611111111 0.26853298611111115 0.03913194444444448
4 0.16642071759259258 0.5302951388888889 0.28847511574074075 0.0854730902777777
4 0.16619502314814816 0.6133203125 0.28223379629629625 0.07502170138888885
1 0.1672800925925926 0.8247873263888889 0.2859751157407408 0.3012239583333332
4 0.4994618055555556 0.21416232638888888 0.2809548611111111 0.037647569444444424
4 0.49608506944444447 0.24286892361111112 0.276177662037037 0.01782118055555553
4 0.4989236111111111 0.2689887152777778 0.27492766203703706 0.031440972222222245
4 0.49870659722222227 0.30484809027777776 0.2774623842592593 0.03482638888888889
4 0.49778356481481484 0.3397135416666667 0.2775954861111111 0.03177083333333335
4 0.4994473379629629 0.3838715277777778 0.2779513888888889 0.05323350694444448
1 0.49841724537037035 0.5690451388888889 0.2957002314814815 0.26761284722222217
1 0.4443634259259259 0.8478472222222222 0.1737239583333333 0.2607421875
4 0.5788686342592593 0.7654383680555555 0.09217013888888895 0.026293402777777745
4 0.5872106481481482 0.8642230902777778 0.10786458333333326 0.17020833333333327
4 0.8342737268518519 0.2198871527777778 0.27518807870370376 0.03572916666666664
4 0.8382407407407407 0.25576822916666664 0.262326388888889 0.034704861111111124
4 0.8386950231481483 0.2913411458333333 0.2632378472222222 0.031575520833333336
4 0.8391001157407407 0.32672743055555553 0.2630584490740741 0.032539062500000014
4 0.8394212962962962 0.3603559027777778 0.2656828703703703 0.032942708333333376
3 0.8344907407407407 0.45421875 0.2795833333333333 0.13154079861111112
4 0.7767737268518519 0.5666840277777778 0.1314699074074073 0.02075954861111108
4 0.8344994212962964 0.6095269097222222 0.272673611111111 0.051488715277777826
4 0.8341724537037037 0.6730598958333334 0.2749884259259258 0.07011718750000008
3 0.8338599537037038 0.8282161458333334 0.2803067129629629 0.2155381944444445