5 0.5010838380618425 0.04123697916666667 0.908661141217724 0.03618055555555555
2 0.25716289448517693 0.20476128472222221 0.08454893210073319 0.024661458333333355
4 0.06618744022951864 0.22387586805555554 0.07247688874721071 0.01854166666666668
4 0.24992349378386994 0.25278211805555556 0.46621931781957293 0.040585937499999995
4 0.2131590691743704 0.2833159722222222 0.3698437998087345 0.016801215277777795
4 0.2532355753905005 0.3489887152777778 0.4770481351609818 0.11056423611111112
1 0.12586228881096587 0.4325217013888889 0.22059292317500798 0.050559895833333285
1 0.3711890341090214 0.4325217013888889 0.23164488364679633 0.05156250000000003
4 0.10247688874721073 0.46855902777777775 0.15232387631495056 0.01867187499999999
4 0.2537424290723621 0.5161241319444445 0.47857188396557226 0.07545138888888896
4 0.06541281479120178 0.5642708333333333 0.07226649665285304 0.016323784722222276
4 0.24976729359260438 0.602439236111111 0.4609913930506854 0.055316840277777696
2 0.25690468600573796 0.6464713541666667 0.11796620975454254 0.022261284722222205
4 0.12686005737966208 0.674743923611111 0.1973063436404208 0.01647569444444446
4 0.1555498884284348 0.6945833333333333 0.2863181383487408 0.01854166666666658
4 0.20872489639783232 0.7139626736111111 0.39266815428753593 0.017178819444444413
4 0.22641695887790883 0.7330685763888889 0.42604399107427476 0.017994791666666683
4 0.24965572202741468 0.7608463541666667 0.47184890022314313 0.03707465277777781
4 0.2551259164807141 0.7879470486111111 0.4821039209435766 0.014861111111111016
1 0.2547465731590692 0.8982421875000001 0.28244501115715653 0.20351562499999995
2 0.736531718202104 0.20356770833333332 0.15766337264902777 0.025177951388888883
1 0.7318074593560726 0.30722222222222223 0.3368026777175646 0.17756076388888892
4 0.5767134204654129 0.40470486111111115 0.10945489321007336 0.015842013888888888
4 0.7504239719477207 0.43414930555555553 0.47048135160981824 0.036653645833333304
2 0.7355530761874401 0.47183593749999997 0.14062798852406747 0.025568576388888827
4 0.5520146636914249 0.4951345486111111 0.06988205291679943 0.01555555555555562
4 0.7544373605355436 0.5533289930555555 0.4890914886834554 0.09385850694444445
1 0.6491743704175964 0.7186067708333334 0.2906598661141218 0.22680121527777786
1 0.9025438316863246 0.7218098958333333 0.19490914886834565 0.2136501736111111
4 0.5413675486133248 0.8440885416666667 0.044054829454893155 0.014596354166666714
1 0.6241791520561045 0.9254644097222222 0.24067261715014351 0.1423480902777779
1 0.8745744341727765 0.9261154513888888 0.25085113165444695 0.14776909722222223