5 0.5035518777848503 0.028652452025586354 0.48938468067048574 0.04024307036247335
2 0.1720878421387651 0.139044776119403 0.09380437088903032 0.03359914712153517
2 0.17075960110333122 0.5503326226012794 0.061442817738171 0.03456289978678046
2 0.6734288139189476 0.13893816631130065 0.09499893910460419 0.033385927505330475
4 0.07817738171016338 0.1747590618336887 0.13938043708890302 0.025424307036247335
4 0.1252514322087842 0.20889125799573563 0.22503925312964135 0.019773987206823006
1 0.17160407383831955 0.29613646055437104 0.32623382134521534 0.15162046908315563
4 0.1496520263102058 0.3924818763326226 0.28374496074687033 0.02306183368869933
4 0.08887332908975175 0.46118550106609807 0.16218756630596226 0.02116844349680165
4 0.16278591130914494 0.42431130063965883 0.3043560364948017 0.03839232409381667
4 0.16834924676426904 0.4962686567164179 0.31831105453002334 0.0401577825159915
1 0.17152344578824527 0.700089552238806 0.3274877997029493 0.1889850746268657
1 0.08969446212603438 0.9023027718550107 0.16446424782516442 0.14959488272921118
1 0.2552875026522385 0.9012068230277185 0.16256100148525357 0.14796162046908326
4 0.05381922342457034 0.5906652452025586 0.09066412051771695 0.02141577825159906
4 0.049639295565457243 0.8123070362473347 0.08426692128156163 0.02113006396588494
4 0.2418204964990452 0.8123965884861407 0.12869297687248038 0.019155650319829454
4 0.411809887545088 0.18695095948827292 0.12230638659028216 0.024759061833688676
1 0.5073689794186294 0.48992750533049045 0.32092934436664544 0.5746737739872066
4 0.4163293019308297 0.7920383795309168 0.13241671971143648 0.021543710021321955
3 0.5073859537449608 0.8986652452025586 0.3209611712285168 0.18523667377398725
2 0.8320347973689795 0.17647761194029848 0.31720347973689783 0.027513859275053298
2 0.7799214937407172 0.4366311300639658 0.21082749840865692 0.02162473347547971
2 0.7250647146191386 0.7455607675906183 0.10218968809675363 0.029884861407249434
1 0.8348843624018673 0.3072537313432836 0.3229004880118821 0.22656716417910447
3 0.8353935921918099 0.5831982942430703 0.3220920857203481 0.26982942430703627
1 0.835478463823467 0.8742643923240938 0.3250371313388501 0.2245031982942431