5 0.3313238007380074 0.05548 0.6464990774907747 0.047633333333333326
2 0.11416051660516605 0.14184 0.145299815498155 0.040346666666666656
3 0.49758763837638376 0.2148533333333333 0.9236808118081181 0.10636666666666665
2 0.16142527675276755 0.2995133333333333 0.11758763837638378 0.03235999999999998
2 0.6085562730627306 0.30380666666666667 0.2207979704797048 0.04427999999999997
2 0.13179428044280445 0.6322533333333333 0.07678044280442806 0.047839999999999994
2 0.5951891143911439 0.62988 0.07183118081180813 0.03642666666666673
4 0.25637915129151295 0.39066 0.41589483394833954 0.08798000000000002
4 0.6127767527675276 0.46007333333333333 0.1946448339483394 0.23347333333333337
4 0.24920664206642065 0.49440666666666666 0.39232472324723244 0.06214000000000002
3 0.8382287822878228 0.4289533333333333 0.21196955719557203 0.17457333333333327
4 0.8329520295202951 0.5612333333333334 0.23371309963099635 0.039126666666666705
1 0.1897140221402214 0.7962666666666667 0.2825645756457565 0.2525333333333334
4 0.4180765682656826 0.72332 0.14196494464944648 0.10664000000000003
4 0.41282749077490777 0.8077399999999999 0.1268542435424354 0.05880666666666669
4 0.4074123616236162 0.8787266666666667 0.11832564575645756 0.08078666666666656
1 0.709529520295203 0.7408133333333333 0.4059271217712176 0.14820000000000005
4 0.5527029520295202 0.8298599999999999 0.0826891143911439 0.022946666666666716
4 0.7159271217712178 0.8517666666666667 0.38357011070110697 0.017493333333333187
4 0.7175461254612546 0.87634 0.38680350553505544 0.02198666666666668
4 0.7420894833948339 0.9022066666666666 0.434829335793358 0.022906666666666752