5 0.495552734375 0.06290064712599924 0.474177734375 0.10296155310239818
2 0.055080078125 0.22045298819946707 0.07371484375000001 0.031096307575180837
2 0.055634765625000006 0.49905595736581654 0.07762695312500001 0.027308717167872015
2 0.0424296875 0.6993833269889608 0.047480468750000004 0.03272554244385223
4 0.16966210937499998 0.29095926912828324 0.302876953125 0.08650171298058622
1 0.17557617187500002 0.4083212790255044 0.31564257812499996 0.14272554244385233
4 0.155412109375 0.5380281690140846 0.26131445312500007 0.020091358964598478
4 0.168390625 0.5707955843167111 0.28783203125 0.03847354396650177
4 0.13376171874999998 0.6291549295774648 0.217451171875 0.06637228778073853
4 0.041029296874999996 0.7285268366958507 0.027484375000000005 0.016204796345641478
1 0.175091796875 0.8656985154168253 0.31417578125 0.2532660829843928
4 0.502857421875 0.9474000761324706 0.30131640624999995 0.06248572516178136
4 0.47986914062499997 0.9017472401979444 0.25758984374999994 0.01692424819185384
1 0.499939453125 0.7946098210886944 0.28816992187500007 0.19333460220784168
4 0.40430273437500003 0.6852797868290826 0.098583984375 0.01853444994290067
4 0.497416015625 0.65171298058622 0.28987304687500004 0.040220784164446084
4 0.49967578125 0.5957822611343737 0.295517578125 0.06432813094784917
1 0.500619140625 0.43481918538256564 0.31541015624999996 0.23583936048724782
4 0.372798828125 0.20917396269508945 0.03557617187500002 0.02030833650551957
4 0.503646484375 0.25191092500951656 0.302896484375 0.04108488770460604
4 0.5026230468749999 0.2951237152645603 0.30028515625 0.041979444232965346
2 0.707837890625 0.2134526075371146 0.07439648437499997 0.031058241339931448
4 0.706072265625 0.2425770841263799 0.052298828125000085 0.01802816901408447
3 0.719287109375 0.30279786829082606 0.09616992187500006 0.10009135896459842
3 0.8246718749999999 0.3006928054815379 0.08751953125000007 0.09917396269508945
3 0.932400390625 0.30042634183479255 0.09762304687499998 0.09864103540159883
4 0.7148496093750001 0.36121811952797866 0.04903906249999999 0.01516558812333457
4 0.8229101562500001 0.3597830224590788 0.042923828125000084 0.016688237533307924
4 0.929228515625 0.3589113056718691 0.05751953125 0.01713741910925009
4 0.714533203125 0.39078416444613623 0.07091015625000008 0.019478492577084155
3 0.826912109375 0.5473505900266464 0.31254296875 0.2887476208602969
4 0.70451953125 0.7000951655881233 0.04909960937500006 0.01577084126379895
1 0.8279980468750001 0.8501789113056719 0.29605468749999997 0.27720974495622375