5 0.4992083333333333 0.059013888888888894 0.6064421296296296 0.07867708333333333
2 0.05500925925925926 0.1630138888888889 0.07194444444444444 0.02289583333333335
4 0.10802314814814816 0.18854513888888888 0.1535625 0.016847222222222215
4 0.1294537037037037 0.20590624999999999 0.1745925925925926 0.013878472222222231
4 0.16371064814814815 0.22042361111111114 0.243787037037037 0.013097222222222232
1 0.25437731481481485 0.3398055555555555 0.4455 0.2219513888888889
1 0.25328935185185186 0.6006423611111111 0.44332407407407404 0.17154513888888895
4 0.21124537037037036 0.5016666666666667 0.3583055555555556 0.021034722222222198
2 0.05243981481481481 0.47458680555555555 0.06301851851851852 0.024083333333333377
2 0.04903935185185185 0.7076423611111111 0.059937500000000005 0.025559027777777823
4 0.16323611111111108 0.7368715277777778 0.2604259259259259 0.01704513888888894
4 0.14861805555555554 0.7531805555555555 0.21113194444444447 0.014256944444444584
4 0.13283333333333333 0.7677152777777778 0.17886342592592594 0.01392708333333322
4 0.13282407407407407 0.7832430555555555 0.1795439814814815 0.015583333333333371
1 0.25069444444444444 0.884638888888889 0.4418842592592593 0.18477083333333344
2 0.5435277777777777 0.16259374999999998 0.05034027777777784 0.022923611111111106
3 0.7494583333333333 0.2879375 0.446912037037037 0.21003819444444438
1 0.7492337962962963 0.5089618055555556 0.44715740740740745 0.22892013888888887
2 0.5458495370370371 0.6452118055555556 0.0612361111111111 0.029270833333333395
3 0.7479675925925926 0.7385520833333334 0.4439305555555555 0.1409097222222222
3 0.6498634259259259 0.8961284722222221 0.23799537037037044 0.1590104166666666
3 0.8728217592592593 0.8956006944444445 0.1996018518518519 0.15899652777777773