5 0.5010151380231522 0.022493702770780857 0.9530543187889581 0.038702770780856426
2 0.06300089047195014 0.10732997481108313 0.11487088156723063 0.032052896725440795
2 0.060293855743544074 0.368816120906801 0.10499554764024933 0.03232997481108307
2 0.030133570792520038 0.5458312342569269 0.04691006233303652 0.027443324937027662
2 0.5992787177203918 0.10396725440806046 0.08100623330365096 0.03476070528967254
2 0.5892163846838825 0.5418639798488665 0.06310774710596606 0.032078085642317414
4 0.26023152270703476 0.2344962216624685 0.5004363312555654 0.20136020151133502
4 0.261193232413179 0.4590302267002519 0.4823063223508459 0.1151637279596978
1 0.25098842386464826 0.7687657430730478 0.42479964381121993 0.41508816120906794
4 0.7651291184327694 0.23465994962216624 0.40415850400712366 0.19780856423173807
4 0.7569902048085485 0.4206171284634761 0.393820124666073 0.16943324937027704
4 0.7688869100623331 0.6178967254408061 0.41365983971504894 0.08816120906801007
1 0.7724220837043634 0.8154030226700252 0.43458593054318795 0.18088161209068024