5 0.4786347908147216 0.06951002227171493 0.6346618433469645 0.081456570155902
4 0.17712488203837687 0.21249888641425388 0.31577225542623466 0.03851670378619152
2 0.17761874803397293 0.26076614699331846 0.04293488518402014 0.027345211581291804
4 0.1720006291286568 0.29443652561247213 0.29549858446052213 0.014507795100222688
4 0.18270525322428438 0.3098619153674833 0.3175149418055992 0.014449888641425414
1 0.0402076124567474 0.47416481069042316 0.04524693299779806 0.06402672605790641
0 0.11900912236552375 0.4673763919821826 0.11069204152249135 0.04100668151447659
0 0.2577823214847436 0.4668195991091314 0.15178672538534133 0.04076169265033412
4 0.2583202264863165 0.5010244988864142 0.14134318968229 0.013870824053452059
4 0.04601132431582259 0.5330022271714921 0.06413337527524379 0.016868596881959862
0 0.13214847436300725 0.5361425389755011 0.09635105379050014 0.04117594654788421
4 0.03672853098458635 0.5801069042316258 0.04071406102547971 0.01749665924276178
0 0.15170179301667192 0.5790512249443207 0.17790185592953758 0.03427171492204902
0 0.2974300094369298 0.5802761692650334 0.08557093425605539 0.03929175946547886
4 0.045212330921673476 0.6197995545657016 0.055863479081472156 0.01617371937639196
4 0.202132746146587 0.6192026726057906 0.2508744888329663 0.015839643652561224
0 0.11145957848379995 0.6475055679287306 0.17441648317080843 0.025224944320712744
4 0.2732242843661529 0.6484632516703785 0.13355772255426235 0.02371046770601337
2 0.17628184963825103 0.6927750556792873 0.1142875117961623 0.027336302895322892
0 0.16861277131173324 0.7474298440979955 0.2796256684491978 0.06453006681514471
4 0.07888644227744573 0.8050913140311804 0.131097829506134 0.012436525612472193
0 0.0746775715633847 0.8428106904231626 0.12086190625983015 0.04236971046770596
4 0.041632588864422775 0.8767973273942093 0.05295061340044038 0.016770601336302936
1 0.24747404844290657 0.8399465478841871 0.186344762503932 0.11991982182628054
4 0.07302610883925763 0.8983919821826281 0.08713746461151305 0.010017817371937542
4 0.05776659326832337 0.9100757238307349 0.05706511481597986 0.011265033407572367
4 0.2227618748033973 0.9098396436525612 0.12951557093425606 0.010164810690423236
2 0.5126769424347278 0.6264142538975501 0.11593268323372136 0.027875278396436495
1 0.46879836426549226 0.711826280623608 0.21705253224284374 0.11493986636971046
1 0.4373545139981126 0.8177995545657015 0.12257313620635416 0.08608017817371938
1 0.5699779804970116 0.8176614699331849 0.07661214218307649 0.0924721603563474
0 0.6215539477823215 0.6768106904231626 0.06684177414281213 0.02968374164810685
0 0.6212330921673482 0.7095501113585746 0.06620006291286562 0.03138530066815146
0 0.6167442592010066 0.7410378619153676 0.055882352941176425 0.026792873051224984
4 0.5109405473419314 0.8828195991091314 0.29864737338785785 0.02576837416481065
4 0.5097892418999685 0.9111091314031181 0.298357974205725 0.024289532293986626
4 0.5101981755268953 0.5938173719376392 0.29044039005976713 0.011224944320712613
1 0.4923120478137779 0.5248285077951003 0.22711229946524059 0.12356347438752788
4 0.5004089336269267 0.4514298440979956 0.2621233092167348 0.014841870824053475
4 0.38233092167348226 0.4367037861915367 0.042044668134633485 0.01131403118040093
4 0.5188801509908776 0.4177817371937639 0.2560301981755269 0.01727394209354119
1 0.516222082415854 0.3381069042316258 0.27668134633532565 0.13251670378619154
4 0.5129034287511796 0.2575011135857461 0.2954576910978296 0.023714922048997777
4 0.38011324315822587 0.2369621380846325 0.03926706511481596 0.013928730512249436
2 0.5160773828247877 0.2108641425389755 0.13330607109153828 0.02510022271714923
2 0.8344825416797735 0.21073942093541204 0.08230261088392586 0.02563028953229397
4 0.8361497326203208 0.25479732739420935 0.2928090594526581 0.03160801781737196
1 0.8246272412708399 0.34763028953229397 0.28191884240327153 0.1335679287305122
1 0.8291255111670337 0.4929398663697105 0.28483799937087134 0.12691314031180403
4 0.8425731362063542 0.5764008908685969 0.27637621893677267 0.03724276169265039
4 0.8355552060396351 0.6300178173719377 0.3164831708084304 0.03963919821826271
3 0.836703365838314 0.7106057906458797 0.3224756212645485 0.09607126948775048
4 0.8363919471531928 0.7931314031180401 0.31948726014469947 0.04361692650334079