5 0.3414994232987313 0.051696666666666675 0.6598685121107266 0.08041666666666668
2 0.11245444059976932 0.13972 0.13673125720876586 0.03504333333333333
3 0.4970911188004613 0.21714333333333333 0.9219054209919262 0.10634333333333332
2 0.12628143021914648 0.3014 0.11089734717416379 0.028369999999999968
2 0.5731280276816609 0.30022 0.08522029988465982 0.030189999999999977
2 0.13342560553633218 0.63117 0.07025374855824681 0.0278433333333334
2 0.5964359861591696 0.6303433333333334 0.06967474048442905 0.030370000000000043
4 0.1189365628604383 0.34101333333333333 0.15623760092272201 0.019313333333333352
1 0.1182237600922722 0.4048733333333333 0.15852364475201847 0.1019966666666666
1 0.2285028835063437 0.4034066666666667 0.05552249134948098 0.11085666666666671
4 0.2981522491349481 0.3571 0.07534486735870817 0.013953333333333377
4 0.3120230680507497 0.37365333333333334 0.10011534025374856 0.010603333333333315
4 0.31010611303344865 0.4006733333333333 0.09999538638985006 0.027109999999999974
4 0.30844290657439444 0.44371333333333335 0.09740945790080738 0.030623333333333298
4 0.1669134948096886 0.46915666666666667 0.25367935409457903 0.02038666666666662
4 0.1081038062283737 0.49422333333333335 0.13309342560553633 0.015826666666666673
4 0.24881891580161478 0.49380333333333337 0.13252133794694348 0.01498666666666668
1 0.108320645905421 0.5561466666666667 0.13872202998846597 0.09034666666666666
1 0.24804844290657438 0.5548033333333333 0.12874971164936566 0.09087333333333329
4 0.10640830449826989 0.6743133333333333 0.11782929642445213 0.022133333333333286
1 0.12239446366782007 0.7348966666666666 0.11492041522491352 0.07252666666666664
1 0.3098085351787774 0.7311433333333333 0.11795155709342564 0.08646666666666654
4 0.21328950403690886 0.7221066666666667 0.061462514417531706 0.021203333333333223
4 0.10803229527104959 0.7781633333333332 0.039439446366782 0.011070000000000012
4 0.3058592848904268 0.7903533333333334 0.0781407151095732 0.025803333333333286
3 0.10363091118800462 0.8292533333333334 0.10782006920415226 0.06392333333333348
4 0.27500807381776243 0.8393933333333333 0.21680968858131486 0.05096000000000003
4 0.2729665513264129 0.8968700000000001 0.2134671280276817 0.04902666666666664
4 0.10765397923875435 0.8814200000000001 0.08766320645905422 0.011696666666666715
0 0.10295963091118801 0.9074566666666666 0.08644059976931952 0.03803000000000005
4 0.6188258362168397 0.3590333333333333 0.20389388696655136 0.027473333333333357
4 0.5968535178777393 0.39808333333333334 0.12506805074971167 0.02729333333333337
4 0.5545559400230681 0.4261433333333334 0.03898731257208771 0.024429999999999986
4 0.5904821222606689 0.4563633333333333 0.11084429065743949 0.026966666666666698
4 0.5636262975778548 0.5082233333333334 0.08013840830449818 0.025596666666666653
4 0.6857508650519031 0.5074 0.08097116493656291 0.025023333333333387
4 0.5573725490196079 0.5665166666666667 0.06391695501730102 0.027440000000000055
4 0.7110680507497117 0.5667133333333334 0.12863898500576693 0.02676333333333332
1 0.8501683967704728 0.42892 0.20869896193771628 0.17690000000000006
4 0.6322099192618224 0.6755266666666666 0.25515340253748564 0.028843333333333325
1 0.5788950403690889 0.81375 0.14555017301038062 0.20556333333333351
1 0.7307497116493656 0.8192033333333334 0.1435132641291811 0.2132566666666665
1 0.8915155709342562 0.82358 0.12516032295271054 0.1941233333333333