5 0.499712962962963 0.045548611111111116 0.6884375 0.042784722222222224
2 0.1708472222222222 0.15959375 0.24839583333333326 0.057628472222222234
1 0.1696712962962963 0.2812291666666667 0.29713425925925924 0.1809444444444444
4 0.1713009259259259 0.3896319444444445 0.2848472222222222 0.027892361111111087
2 0.17162731481481483 0.43037152777777776 0.28994444444444445 0.034402777777777754
1 0.17057870370370368 0.5713541666666667 0.30636111111111114 0.2364166666666667
4 0.17435416666666667 0.7171631944444444 0.2838587962962963 0.027437500000000073
4 0.1628009259259259 0.7533124999999999 0.26233564814814814 0.027375000000000052
4 0.15483796296296296 0.7844930555555556 0.2464097222222222 0.02449652777777784
4 0.1688819444444445 0.8187013888888889 0.27370833333333333 0.030041666666666817
2 0.16945601851851852 0.8608541666666667 0.14753240740740745 0.03842361111111106
4 0.15590046296296298 0.8978645833333333 0.23667361111111107 0.028222222222222135
4 0.1596898148148148 0.9306145833333334 0.24266666666666664 0.02966666666666653
4 0.17511805555555554 0.9650208333333334 0.2719444444444444 0.028493055555555695
2 0.4987037037037037 0.862826388888889 0.20974074074074073 0.03051041666666663
4 0.4720277777777778 0.8996979166666667 0.22440046296296298 0.029520833333333486
4 0.4578935185185185 0.9330798611111111 0.19612962962962957 0.032222222222222284
4 0.4923425925925926 0.9664340277777778 0.26503240740740747 0.027756944444444306
4 0.4943240740740741 0.8018090277777777 0.2840162037037037 0.060315972222222236
4 0.4981041666666667 0.7182152777777778 0.293162037037037 0.0924131944444444
1 0.49840972222222224 0.5565381944444444 0.3015856481481482 0.2149826388888889
2 0.49974768518518514 0.43245833333333333 0.22685648148148152 0.029798611111111168
1 0.4994467592592593 0.2733263888888889 0.31008101851851855 0.20501736111111113
2 0.49962731481481476 0.14885416666666668 0.1933958333333334 0.02961805555555554
2 0.8160578703703704 0.14934375 0.2038773148148148 0.032972222222222236
1 0.7442314814814814 0.23988194444444444 0.11637037037037043 0.12744791666666666
0 0.8891319444444444 0.20512152777777778 0.14440740740740743 0.0472534722222222
4 0.890349537037037 0.25452430555555555 0.1365601851851851 0.029805555555555526
4 0.8846064814814815 0.28702777777777777 0.12507638888888886 0.02837847222222223
4 0.8091157407407408 0.33971875 0.25562962962962954 0.05784722222222223
4 0.7612314814814815 0.39037499999999997 0.14404629629629623 0.028670138888888946
2 0.8310671296296296 0.4292534722222222 0.13820601851851855 0.03169444444444451
2 0.8297546296296296 0.5556875 0.2991851851851851 0.21338888888888888
2 0.8297430555555555 0.6888645833333333 0.14504629629629637 0.032524305555555584
3 0.8284236111111111 0.7432604166666668 0.31480555555555567 0.07607638888888893
1 0.8260625 0.8839895833333333 0.32036574074074065 0.19857638888888876