5 0.5284636363636364 0.053454545454545456 0.35237878787878785 0.04933333333333334
2 0.16303030303030303 0.22505454545454545 0.048790909090909086 0.0319333333333333
2 0.5054545454545455 0.2241090909090909 0.04575757575757576 0.026999999999999972
2 0.8369818181818182 0.22698787878787877 0.07396060606060598 0.023666666666666638
2 0.16226060606060608 0.5716606060606061 0.05785454545454546 0.031200000000000012
4 0.17158484848484848 0.2758 0.29605757575757574 0.0550121212121212
4 0.14163030303030302 0.32008484848484847 0.2378060606060606 0.025024242424242404
4 0.1606060606060606 0.36015151515151517 0.27727575757575756 0.050606060606060606
4 0.16301212121212122 0.41537575757575756 0.28057272727272725 0.048927272727272736
4 0.1690727272727273 0.6170666666666667 0.2957242424242424 0.05534545454545451
4 0.17046363636363634 0.6728666666666667 0.3000181818181818 0.05179393939393941
4 0.16695151515151516 0.7260969696969697 0.2929939393939394 0.052187878787878866
4 0.1724121212121212 0.7701636363636364 0.30543030303030305 0.025175757575757553
1 0.1987727272727273 0.885569696969697 0.38542424242424245 0.1741636363636363
1 0.5006393939393939 0.37493333333333334 0.3527939393939393 0.24077575757575756
4 0.5055515151515152 0.5687818181818182 0.3111000000000001 0.11331515151515147
4 0.49957878787878784 0.6667272727272727 0.29764545454545455 0.07891515151515154
4 0.5041515151515151 0.7369818181818182 0.30829999999999996 0.05881212121212119
1 0.5411818181818182 0.8737333333333334 0.26570000000000005 0.18383030303030312
4 0.8459818181818182 0.25883636363636364 0.1828787878787879 0.02713939393939392
1 0.7600878787878788 0.3871818181818182 0.14053939393939385 0.22250909090909093
3 0.9118878787878788 0.38323030303030303 0.1466393939393939 0.21460606060606066
4 0.8397515151515151 0.527539393939394 0.20221212121212126 0.028581818181818232
3 0.7583333333333333 0.6249575757575758 0.11886363636363637 0.08715757575757573
3 0.7673151515151515 0.7651393939393939 0.13341818181818174 0.11316363636363624
3 0.9141727272727272 0.7004666666666667 0.1080575757575758 0.2359090909090909
4 0.8357212121212122 0.8471818181818181 0.11126060606060602 0.03198787878787891
3 0.8371818181818181 0.9395393939393939 0.24703333333333335 0.1099636363636364