5 0.509952 0.0885597439544808 0.5322586666666667 0.06807610241820769
2 0.06756266666666667 0.1925960170697013 0.09349600000000001 0.026333570412517764
2 0.3733573333333333 0.19178520625889045 0.053898666666666636 0.02074679943100995
2 0.06995733333333333 0.6867425320056899 0.09233866666666667 0.02131223328591744
2 0.7080053333333334 0.4238726884779517 0.09133866666666654 0.02494310099573253
4 0.18022400000000005 0.24711948790896157 0.292056 0.05210526315789473
4 0.17068533333333338 0.3194132290184922 0.2744666666666667 0.051959459459459505
1 0.17861866666666665 0.4996301564722617 0.29479466666666665 0.2656756756756756
4 0.180672 0.739875533428165 0.29444000000000004 0.05818634423897578
4 0.171632 0.8127880512091038 0.279336 0.055312944523470825
4 0.17396266666666668 0.8941571834992887 0.28250933333333333 0.0753022759601707
4 0.175376 0.9680120910384069 0.28384800000000004 0.038627311522048326
4 0.4416133333333333 0.22536628733997155 0.17108266666666666 0.018517069701280205
1 0.502216 0.3076529160739687 0.28039466666666674 0.13352418207681366
4 0.503352 0.4005547652916074 0.2930746666666667 0.01994310099573255
4 0.498672 0.42993954480796587 0.280744 0.03509957325746793
1 0.49689066666666665 0.5361628733997156 0.25190399999999996 0.14840682788051215
1 0.4950373333333334 0.6811664295874822 0.25117333333333336 0.13110241820768131
3 0.4968746666666667 0.8753805120910385 0.2994506666666667 0.22610241820768143
4 0.8084933333333333 0.19640469416785206 0.2700106666666667 0.03394736842105264
3 0.8231946666666666 0.3030156472261736 0.32171733333333324 0.16786273115220482
4 0.82524 0.46675320056899006 0.30648000000000003 0.03734352773826466
1 0.8138453333333333 0.5639189189189189 0.1974613333333332 0.15435633001422483
4 0.8213199999999999 0.6597048364153627 0.2971546666666666 0.03465504978662867
1 0.8327813333333333 0.8377916073968705 0.23087199999999988 0.31349928876244654