5 0.4021930870083432 0.047114058355437666 0.7668772348033374 0.0363129973474801
2 0.12255462852602306 0.15803713527851457 0.15881207787048074 0.02340053050397879
2 0.3518315454906635 0.1573315649867374 0.11866507747318233 0.02041909814323608
2 0.24562574493444578 0.38978249336870024 0.17298371076678587 0.026748010610079614
1 0.17228049264998013 0.2562122015915119 0.09729439809296783 0.11090185676392576
4 0.12397298371076679 0.3303978779840849 0.1945093365117203 0.03673740053050398
4 0.07633293603496226 0.2500954907161804 0.0910766785856178 0.07932095490716183
4 0.12263011521652763 0.1893846153846154 0.17552244735796585 0.017161803713527865
4 0.3329280889948351 0.1933368700265252 0.1559276916964641 0.017798408488063636
4 0.3470043702820818 0.21244562334217507 0.18108859753675008 0.017469496021220134
4 0.2952602304330552 0.22963395225464192 0.07842272546682563 0.015103448275862083
4 0.34369884783472393 0.2864456233421751 0.18424711958680973 0.05179310344827589
4 0.34737385776718316 0.34222281167108753 0.21253476360746923 0.02358090185676395
1 0.24096543504171633 0.5987214854111406 0.4339809296781883 0.38601061007957566
4 0.1610528406833532 0.8381856763925729 0.2175883988875645 0.02075862068965523
0 0.15934843067143425 0.8629071618037135 0.21029002781088596 0.02512466843501333
0 0.16025824394119983 0.8920689655172414 0.21210170838299558 0.023633952254642005
0 0.19993245927691697 0.9281007957559682 0.18369090186730233 0.032424403183023816
4 0.0699880810488677 0.9241326259946949 0.07375844259038539 0.021018567639257236
4 0.4685458879618593 0.8334111405835544 0.13797377830750887 0.015538461538461518
4 0.4463011521652761 0.8515013262599469 0.2249543106873262 0.014445623342175076
4 0.45786650774731824 0.8691511936339522 0.27500595947556616 0.016811671087533186
4 0.4175605880015892 0.8935172413793103 0.16843464441795786 0.016132625994694883
0 0.462061978545888 0.9222917771883289 0.29183551847437417 0.04074270557029187
4 0.7787524831148191 0.8520742705570292 0.254310687326182 0.013612732095490639
4 0.7054787445371474 0.8683076923076923 0.10775923718712754 0.015177718832891315
4 0.7915931664680175 0.8864190981432362 0.2799920540325784 0.016180371352785147
4 0.7796106475963448 0.9036657824933687 0.2554866905045689 0.01616976127320956
4 0.811378625347636 0.9219575596816977 0.3190266189908622 0.018249336870026573
3 0.8077949940405245 0.7489602122015915 0.32531585220500603 0.16964456233421737
1 0.5549543106873261 0.5150397877984085 0.15933651172030203 0.2617877984084881
1 0.726746126340882 0.512763925729443 0.15400476758045295 0.26097612732095493
1 0.8985458879618593 0.5142228116710875 0.15707985697258636 0.2601644562334217
1 0.5954072308303536 0.28419628647214856 0.25274533174413977 0.1709655172413793
1 0.851414382201033 0.2854694960212202 0.25096146205800557 0.1735225464190981
2 0.7311998410806515 0.15633952254641909 0.1662058005562177 0.020806366047745373