5 0.44075781250000007 0.06567578125 0.6219609375 0.06965624999999999
2 0.05194791666666667 0.16881640625 0.07552864583333332 0.027019531249999985
2 0.3011380208333333 0.1691953125 0.12146875000000001 0.029910156249999976
2 0.8220364583333333 0.16777734375 0.13072916666666667 0.03345312499999999
4 0.05696875 0.20660937499999998 0.08859114583333334 0.024738281249999994
1 0.12408072916666667 0.34664453124999994 0.20297395833333334 0.24363671874999998
4 0.056309895833333325 0.48089843749999994 0.08616927083333333 0.022828125000000022
1 0.12330989583333334 0.6183164062500001 0.20143229166666668 0.24476171875000005
4 0.10883854166666666 0.7701953125000001 0.19012500000000002 0.04762500000000003
3 0.12225260416666668 0.88542578125 0.21712760416666665 0.17250000000000004
4 0.2999661458333333 0.83530078125 0.12085156250000001 0.16701953124999996
4 0.4427317708333333 0.76206640625 0.14841145833333336 0.025281249999999922
1 0.45731249999999996 0.8855000000000001 0.17230989583333337 0.21371093750000006
1 0.6612708333333334 0.8837578125000001 0.21485677083333338 0.21654296875000006
4 0.6316223958333332 0.76238671875 0.15240364583333346 0.022765625000000077
1 0.497359375 0.46766015625 0.5094973958333333 0.5497421875
1 0.8710807291666666 0.38887890625 0.2229583333333333 0.39796093750000006
1 0.8767760416666667 0.78471875 0.21028125000000011 0.39248828125000007