5 0.556693359375 0.09974305555555556 0.521591796875 0.07101041666666666
2 0.050359375 0.1823958333333333 0.08272070312499999 0.02347569444444443
2 0.345923828125 0.1833958333333333 0.14759375000000002 0.026999999999999996
2 0.8515039062499999 0.1849861111111111 0.22623046874999994 0.02865624999999999
2 0.77766796875 0.5065868055555556 0.07855664062499992 0.02731944444444439
2 0.513439453125 0.5170451388888888 0.27091796874999996 0.024038194444444452
2 0.04561328125 0.50659375 0.073228515625 0.027336805555555562
4 0.11120507812499998 0.21548958333333335 0.17783984374999998 0.016524305555555528
4 0.13575390625 0.2445520833333333 0.23979687500000005 0.031986111111111076
1 0.077478515625 0.35962500000000003 0.13952734375 0.1448090277777778
1 0.210978515625 0.3588993055555556 0.10225976562500003 0.14945138888888893
4 0.131763671875 0.45267708333333334 0.232671875 0.018545138888888837
1 0.502220703125 0.29608680555555555 0.455900390625 0.19143402777777777
0 0.304232421875 0.41131249999999997 0.061636718749999986 0.02876388888888894
0 0.38573632812499997 0.4147291666666667 0.07722265624999998 0.032545138888888894
0 0.4655625 0.41129166666666667 0.05431445312500003 0.025670138888888833
0 0.619267578125 0.4116388888888889 0.204875 0.029416666666666598
4 0.385021484375 0.45250694444444445 0.20778710937499997 0.03648611111111109
4 0.618009765625 0.45195486111111116 0.17493554687500001 0.03690972222222229
1 0.864826171875 0.2945069444444444 0.24944531249999996 0.18674999999999997
1 0.8651249999999999 0.43255208333333334 0.2581308593749999 0.07769097222222222
4 0.13096093749999999 0.5557118055555555 0.21813671874999993 0.017545138888888957
4 0.123486328125 0.5743576388888889 0.20203320312499998 0.0179652777777777
4 0.10265625 0.5930555555555556 0.15922265625 0.016434027777777752
1 0.136990234375 0.7128819444444444 0.26130664062500003 0.1762013888888889
4 0.136931640625 0.8382326388888889 0.2369921875 0.03769791666666657
1 0.49844140625 0.6937465277777779 0.42651171874999994 0.30999652777777786
1 0.8643691406249999 0.6936076388888889 0.25603515624999995 0.3177326388888889
4 0.865244140625 0.8679618055555556 0.20719921875000002 0.02545486111111125