5 0.5000639329805996 0.026591710758377424 0.6289263668430334 0.044673721340388
2 0.129239417989418 0.14264991181657846 0.12127204585537922 0.03429012345679012
2 0.5013712522045854 0.144320987654321 0.4262610229276895 0.03549823633156966
4 0.1293011463844797 0.19618606701940033 0.09623015873015874 0.028968253968253987
4 0.13287477954144622 0.25794973544973543 0.21935846560846559 0.0782716049382716
4 0.13131393298059965 0.3413888888888889 0.21546516754850092 0.08123015873015874
4 0.12186067019400353 0.41525132275132276 0.19887786596119933 0.05267195767195769
4 0.13120149911816578 0.472610229276896 0.18662918871252204 0.025123456790123466
4 0.12809964726631393 0.5406040564373897 0.21135361552028217 0.07760141093474426
4 0.0818452380952381 0.599620811287478 0.12048721340388006 0.02707671957671951
1 0.12981922398589066 0.7146869488536156 0.24494929453262784 0.20462962962962958
4 0.12998456790123458 0.8421825396825396 0.1470833333333333 0.026635802469135737
4 0.13101190476190475 0.9235670194003528 0.2419223985890652 0.10899470899470891
0 0.3787411816578483 0.6429761904761905 0.1884126984126984 0.03647266313932972
4 0.3818716931216931 0.7319708994708994 0.22250881834215172 0.12631393298059965
4 0.3785714285714286 0.8461640211640211 0.21668209876543212 0.09799823633156976
4 0.3711067019400353 0.9218562610229277 0.20020282186948857 0.049898589065255766
4 0.4598390652557319 0.9762874779541445 0.09622574955908285 0.04742504409171094
4 0.35020502645502644 0.9629629629629629 0.12051366843033512 0.02386684303350975
4 0.3393121693121693 0.9874118165784832 0.10027336860670197 0.02328042328042336
4 0.38278218694885363 0.5680379188712522 0.22432980599647265 0.1030864197530865
4 0.37579585537918875 0.4847795414462081 0.17324294532627868 0.04791005291005285
1 0.49827160493827155 0.30804673721340387 0.3648434744268078 0.28207231040564373
4 0.5633024691358024 0.47333774250440913 0.08820546737213412 0.023478835978835978
3 0.6235537918871252 0.5253747795414462 0.2380886243386244 0.07807319223985898
1 0.624402557319224 0.636089065255732 0.24055776014109348 0.14176807760141083
4 0.6253108465608466 0.724783950617284 0.14418209876543214 0.026891534391534296
4 0.6263381834215168 0.7804850088183422 0.21659611992945338 0.07334656084656081
3 0.6281723985890653 0.8549911816578483 0.23650132275132266 0.07235890652557325
4 0.6286662257495591 0.9478703703703704 0.22279982363315695 0.10038359788359792
4 0.8732208994708994 0.4758641975308642 0.13819885361552026 0.025440917107583692
3 0.8735670194003528 0.5888227513227513 0.24327160493827152 0.18640652557319223
3 0.8744422398589065 0.3323500881834215 0.24038359788359792 0.22707231040564374
4 0.8745723104056438 0.19469135802469137 0.159457671957672 0.029069664902998213
2 0.8738381834215168 0.14257495590828925 0.1371119929453262 0.031543209876543195