5 0.32272376543209874 0.07200810185185186 0.4699112654320988 0.08325231481481482
2 0.1586381172839506 0.19993055555555556 0.06268904320987655 0.02484953703703707
2 0.500895061728395 0.19920138888888891 0.04937500000000001 0.019265046296296277
2 0.15969907407407408 0.5714872685185185 0.08128858024691356 0.023431712962962967
4 0.15636574074074075 0.2350925925925926 0.2559529320987654 0.03472800925925926
1 0.15914351851851852 0.36939236111111107 0.25784336419753084 0.1893171296296296
4 0.06510802469135803 0.4869733796296296 0.06886188271604939 0.017870370370370432
4 0.08528163580246914 0.5172569444444445 0.11103780864197534 0.016614583333333353
4 0.22543981481481482 0.4862673611111111 0.1147878086419753 0.015075231481481455
4 0.21829089506172838 0.5168576388888889 0.09866126543209877 0.01581597222222218
4 0.16068672839506173 0.6057465277777778 0.2618479938271605 0.031510416666666624
1 0.1583719135802469 0.7323668981481481 0.2682098765432099 0.17347800925925924
4 0.08808256172839506 0.8769907407407408 0.11938657407407405 0.0602430555555555
4 0.22402006172839506 0.8787847222222221 0.1192708333333333 0.04872106481481485
4 0.49952546296296296 0.2317824074074074 0.2746604938271605 0.030862268518518542
1 0.5019521604938272 0.35227430555555556 0.2785995370370371 0.21001736111111116
4 0.4991358024691358 0.5063831018518519 0.2747993827160494 0.07179976851851848
4 0.4021566358024692 0.5718055555555556 0.08266975308641979 0.015827546296296242
4 0.5331712962962963 0.5718287037037038 0.09103009259259252 0.015868055555555597
0 0.4187268518518518 0.6066319444444445 0.10665895061728396 0.04425925925925927
0 0.5603202160493826 0.6131886574074074 0.13800540123456792 0.05737268518518518
2 0.4978086419753086 0.686712962962963 0.07433256172839509 0.023101851851851894
4 0.4517091049382716 0.7149074074074073 0.17994984567901232 0.014924768518518497
3 0.4433603395061729 0.8618692129629629 0.14584876543209876 0.1330208333333334
3 0.5767091049382715 0.8624421296296296 0.10392746913580252 0.13554398148148136
2 0.8325810185185186 0.19991319444444444 0.0799382716049382 0.02480902777777778
1 0.8343441358024691 0.3928009259259259 0.2721141975308642 0.3336574074074074
1 0.8263040123456791 0.7701388888888888 0.27280478395061725 0.31872685185185173