5 0.3457011070110701 0.05192666666666667 0.6798708487084871 0.04718000000000001
2 0.1132841328413284 0.13793333333333332 0.138929889298893 0.039200000000000006
3 0.4974308118081181 0.21455333333333332 0.9348985239852399 0.10577333333333332
2 0.1653920664206642 0.3027 0.21778136531365314 0.03873333333333335
4 0.24843634686346863 0.37085999999999997 0.3792573800738007 0.045053333333333286
4 0.2534132841328413 0.42992 0.39151752767527676 0.04650666666666666
4 0.2406180811808118 0.4914733333333334 0.3636116236162361 0.04627333333333339
4 0.25199723247232475 0.55324 0.38868542435424347 0.04982000000000001
1 0.6651937269372694 0.45316 0.31793357933579347 0.24298000000000003
4 0.671480627306273 0.5888533333333333 0.28898985239852387 0.024373333333333295
2 0.13449261992619926 0.6317133333333333 0.07520756457564577 0.03467999999999999
4 0.23285516605166054 0.67402 0.3678736162361623 0.027313333333333276
1 0.2612315498154982 0.7933266666666666 0.4379289667896679 0.1808066666666667
4 0.7390267527675277 0.7236266666666668 0.4255857933579336 0.049640000000000024
4 0.7439022140221402 0.7724200000000001 0.43153597785977865 0.04014666666666653
4 0.7383533210332104 0.8089533333333334 0.423288745387454 0.026719999999999952