5 0.5006524365686669 0.061780104712041886 0.9006222311719694 0.05643576318968989
2 0.1728372935964559 0.24677809101892872 0.2221687474828836 0.03980668546113569
2 0.501447845348369 0.24983890455094646 0.286020942408377 0.03249697946033027
2 0.8285763189689891 0.24787354007249296 0.29723922674184455 0.03662505034232785
1 0.17047925896093433 0.3619975835682642 0.2339750302053967 0.1657712444623439
4 0.13436165928312524 0.4777446637132501 0.161057188884414 0.021457913813934838
4 0.11921868707209021 0.4991018928715264 0.11293999194522757 0.01616592831252512
4 0.13351590817559403 0.5196133709222714 0.14016310914216673 0.017414418042690206
4 0.13104913411196134 0.53954893274265 0.1352315747080145 0.017515102698348682
1 0.2574808699154249 0.5096053161498187 0.0767478856222312 0.09066049134111967
4 0.1723942811115586 0.5772654047523157 0.19117398308497788 0.03945630285944414
1 0.17404349577124445 0.7870398711236408 0.2603060813532017 0.35476842529198543
4 0.49894482480869917 0.29696737817156665 0.2944099879178413 0.03953685058397103
0 0.5028896496173982 0.3602698348771647 0.3015223519935561 0.048115183246073306
4 0.4732702376157874 0.39648409182440597 0.07534232782923875 0.018050745066451847
4 0.5023962948046717 0.4164277084172372 0.11573701167942006 0.016012887635924327
4 0.5061115585984696 0.43813934756343137 0.1231655255739026 0.01595247684252925
4 0.5049899315344342 0.4583366894885219 0.12170157068062826 0.019073701167942058
4 0.5008477648006444 0.49529198550140957 0.3007188884414015 0.04105114780507444
1 0.5018143374949658 0.5926137736608941 0.16146999597261372 0.14250100684655656
4 0.4952879581151832 0.6905195328231977 0.29015102698348777 0.0421949254933548
1 0.43724325412807086 0.8069512686266614 0.17089609343536047 0.16876359242851396
4 0.5908960934353604 0.78463149416029 0.13273459524768422 0.06084172372130494
4 0.4735340314136126 0.9157027788964962 0.24221304873137334 0.038264196536447935
1 0.8278775674587192 0.3618324607329843 0.2759504631494159 0.1792347966169956
4 0.8315424889246879 0.4635038260169151 0.2949818767619814 0.01753926701570688
3 0.8343153443415223 0.5757631896898913 0.2326681433749497 0.19837696335078542
4 0.7770640354409987 0.6942931937172775 0.18680426902939984 0.0376399516713653
1 0.8273681031010874 0.8517237213048731 0.3154933548127265 0.26202174788562227