5 0.2799008073817762 0.05802 0.5482675893886966 0.08604333333333333
2 0.1128950403690888 0.14145000000000002 0.13692272202998845 0.03744666666666668
3 0.49740484429065746 0.21628 0.9258800461361016 0.10717666666666666
4 0.16017993079584775 0.30267666666666665 0.20366782006920411 0.0317166666666667
4 0.24634140715109576 0.37155333333333335 0.3792595155709342 0.041816666666666606
4 0.25340484429065746 0.4318966666666667 0.3922952710495963 0.0411566666666666
4 0.2402975778546713 0.4927833333333333 0.3584475201845444 0.04000666666666666
4 0.2523344867358708 0.5537066666666667 0.3847012687427913 0.043660000000000004
2 0.6083713956170703 0.3048766666666667 0.1741199538638984 0.032963333333333365
4 0.6181268742791234 0.35897 0.20412456747404847 0.027333333333333334
4 0.5963160322952711 0.3973966666666667 0.12317877739331037 0.02680000000000003
4 0.5545513264129182 0.4255933333333333 0.03964936562860441 0.023396666666666684
4 0.5898339100346021 0.45541333333333334 0.11183391003460212 0.02441333333333326
4 0.5644382929642445 0.50773 0.08051903114186855 0.02235000000000006
4 0.5469965397923875 0.5670266666666667 0.0448235294117648 0.026036666666666708
4 0.685125720876586 0.5068900000000001 0.08047520184544399 0.02212999999999996
4 0.7110311418685121 0.5662766666666667 0.1301776239907727 0.025133333333333365
1 0.8403021914648212 0.41398666666666667 0.23152018454440595 0.11687999999999996
4 0.1200645905420992 0.6752599999999999 0.143921568627451 0.025516666666666653
1 0.08903806228373704 0.8070633333333334 0.08867820069204153 0.18136333333333338
4 0.08775317185697809 0.7037199999999999 0.07078200692041524 0.01969333333333331
4 0.22310726643598616 0.71257 0.039245674740484404 0.018933333333333392
1 0.388641291810842 0.7970733333333333 0.1668281430219147 0.14488000000000012
4 0.3922168396770473 0.7137366666666667 0.04030911188004619 0.021273333333333238
1 0.21948327566320647 0.7961466666666667 0.16736793540945788 0.14303000000000005
2 0.13351557093425603 0.6301566666666667 0.061598615916955014 0.03435333333333331
2 0.5926828143021915 0.6288766666666668 0.10350634371395613 0.027940000000000055
4 0.7400715109573242 0.7377133333333333 0.4249642445213379 0.04321666666666654
4 0.7439423298731257 0.78398 0.4313679354094578 0.045153333333333344
4 0.7329227220299884 0.8216466666666666 0.41333102652825837 0.024103333333333466