5 0.34597324723247236 0.05363999999999999 0.6642712177121771 0.060613333333333325
2 0.11248154981549816 0.1386 0.14424354243542437 0.04386000000000002
3 0.4994049815498155 0.21481333333333336 0.9365405904059041 0.1062866666666667
2 0.12926660516605165 0.30029333333333336 0.12246309963099632 0.03392
2 0.5708717712177123 0.29912 0.09238468634686345 0.03823333333333335
2 0.13487546125461256 0.6320933333333333 0.0814990774907749 0.03550666666666666
2 0.5960239852398524 0.6307066666666666 0.08620848708487089 0.03445333333333338
4 0.11904520295202951 0.33958 0.1587684501845018 0.020326666666666673
1 0.119760147601476 0.40438 0.15664206642066422 0.10714000000000003
1 0.22912822878228783 0.40209999999999996 0.05452029520295205 0.11114666666666669
4 0.29989391143911437 0.35603999999999997 0.07528597785977861 0.013893333333333278
4 0.312739852398524 0.37476 0.09861162361623614 0.01539999999999994
4 0.3101429889298893 0.4020533333333334 0.0993404059040591 0.030620000000000043
4 0.3089852398523985 0.44451999999999997 0.09702490774907745 0.03171333333333329
4 0.1669557195571956 0.46940000000000004 0.2557656826568266 0.018153333333333344
4 0.10875461254612548 0.4920666666666667 0.13463560885608855 0.01728000000000005
4 0.24927583025830255 0.4936133333333333 0.13388376383763836 0.015246666666666594
1 0.10898985239852396 0.5533 0.13746771217712175 0.09867333333333332
1 0.24931734317343174 0.5527799999999999 0.13041974169741696 0.09934666666666665
4 0.5891789667896679 0.3482133333333334 0.15776752767527674 0.020486666666666677
1 0.6482749077490775 0.41622000000000003 0.2759594095940958 0.11371999999999995
1 0.5978090405904058 0.5201266666666667 0.1726614391143911 0.08708666666666674
4 0.8292804428044281 0.38005333333333335 0.07913284132841326 0.02769333333333331
4 0.8297370848708486 0.41758666666666666 0.07648985239852395 0.027460000000000036
4 0.8403228782287823 0.45770666666666665 0.09529520295202948 0.027280000000000047
4 0.7884225092250923 0.5074666666666667 0.18922047970479705 0.034393333333333276
4 0.7905996309963099 0.5644533333333333 0.18884686346863472 0.06794000000000006
4 0.6452905904059041 0.6783066666666667 0.2652583025830258 0.02869333333333331
1 0.572080258302583 0.8065933333333334 0.1318542435424355 0.19627333333333324
1 0.7853966789667897 0.7970866666666667 0.29091328413284145 0.16015333333333334
4 0.7881595940959409 0.9072600000000001 0.25854704797047956 0.041666666666666664
4 0.10734778597785977 0.6745399999999999 0.11998154981549816 0.024573333333333343
1 0.1225369003690037 0.7405333333333333 0.11601937269372692 0.08639999999999994
4 0.21478321033210332 0.72122 0.061351476014760147 0.02382666666666652
1 0.31226937269372695 0.7452266666666666 0.11779520295202957 0.12488000000000012
3 0.10412822878228782 0.8292866666666667 0.10643450184501844 0.06540666666666675
4 0.10973247232472325 0.8809266666666667 0.08922509225092251 0.012966666666666545
0 0.10166974169741697 0.9083933333333333 0.08375922509225091 0.0388133333333332
4 0.27471402214022145 0.84048 0.216729704797048 0.0535666666666666
4 0.2737269372693727 0.8977066666666667 0.214760147601476 0.049953333333333225