5 0.4288225 0.05907 0.5676424999999999 0.08814
2 0.1272125 0.21128 0.20275749999999998 0.032560000000000006
2 0.07614749999999999 0.5348350000000001 0.1039625 0.03300999999999999
2 0.35584249999999995 0.20614 0.0616825 0.032279999999999975
2 0.6846749999999999 0.20782499999999998 0.06104250000000002 0.030764999999999987
2 0.70132 0.7592150000000001 0.08900499999999988 0.03213000000000011
1 0.1208325 0.285485 0.1939025 0.10133500000000001
4 0.2636225 0.23654499999999998 0.04434249999999997 0.014069999999999994
4 0.262075 0.248455 0.027977499999999992 0.010024999999999977
4 0.2673425 0.260945 0.03917750000000001 0.011125
4 0.276935 0.28111 0.05769749999999999 0.02491999999999996
4 0.26402499999999995 0.308925 0.08560749999999999 0.01554499999999996
4 0.26422500000000004 0.33602499999999996 0.0933075 0.012700000000000046
1 0.12932749999999998 0.422195 0.20824 0.13594999999999993
4 0.27369499999999997 0.37595 0.07908000000000001 0.024889999999999985
4 0.27466250000000003 0.43948000000000004 0.07438249999999996 0.09093000000000007
1 0.16795 0.669 0.281505 0.22494000000000006
1 0.1681175 0.8726799999999999 0.28648750000000006 0.16265499999999997
1 0.4823725 0.424125 0.3120275 0.36527
4 0.47889750000000003 0.6319049999999999 0.29100000000000004 0.038075000000000046
4 0.4811424999999999 0.6641699999999999 0.29699999999999993 0.0249849999999999
4 0.47200249999999994 0.689975 0.27871999999999997 0.025184999999999947
4 0.3957875 0.72329 0.13284000000000004 0.016214999999999917
1 0.42584500000000003 0.82175 0.19749250000000007 0.17483500000000005
4 0.42158249999999997 0.928975 0.18594499999999994 0.028420000000000074
4 0.3556975 0.23256 0.04863250000000005 0.01454000000000002
4 0.5707899999999999 0.7230800000000001 0.08267000000000008 0.014785000000000081
1 0.5830925 0.83725 0.10777749999999992 0.1755899999999999
4 0.7419724999999999 0.236445 0.16496499999999992 0.01525
4 0.70827 0.547015 0.09655500000000006 0.014454999999999928
3 0.7519275 0.3165 0.18559249999999997 0.13929499999999995
3 0.7513275 0.45597000000000004 0.18352250000000003 0.133205
3 0.7267575000000001 0.59839 0.13961750000000006 0.07930999999999995
4 0.9095625 0.29471499999999995 0.10800250000000006 0.06736000000000002
4 0.9106475 0.42333499999999996 0.1110474999999999 0.153495
4 0.8285675 0.54363 0.04333249999999998 0.01634999999999991
3 0.8900025 0.60788 0.16823000000000002 0.11104999999999995
4 0.72772 0.6745950000000001 0.13978999999999997 0.056529999999999976
4 0.890145 0.6901 0.171895 0.03345499999999993
4 0.7848175 0.801155 0.25330750000000013 0.045970000000000025
4 0.798335 0.843795 0.264115 0.03660500000000002
4 0.7898775 0.882895 0.24720000000000006 0.03638000000000011
4 0.7978474999999999 0.922045 0.2631400000000001 0.0376099999999999