5 0.272728515625 0.050986111111111114 0.39894921875 0.08786111111111111
2 0.146046875 0.1389409722222222 0.144138671875 0.026399305555555547
2 0.45300976562499995 0.13653125 0.18862695312500005 0.02542708333333334
2 0.111939453125 0.5905625 0.08134960937499999 0.029381944444444405
2 0.4387578125 0.5700277777777778 0.16369335937499999 0.02809722222222225
2 0.671802734375 0.5117881944444445 0.058494140624999955 0.026795138888888913
4 0.210390625 0.26548611111111114 0.2758964843749999 0.20429513888888892
4 0.207658203125 0.3919826388888889 0.24922851562500004 0.0405659722222222
4 0.211478515625 0.44504166666666667 0.25451367187499996 0.05873263888888892
4 0.206064453125 0.4974166666666667 0.24486523437500002 0.03993055555555555
4 0.199369140625 0.5407048611111112 0.232650390625 0.04064930555555561
4 0.1506875 0.617923611111111 0.15413281249999997 0.019187500000000076
4 0.21058203125000002 0.7188194444444443 0.27509960937499994 0.16443402777777777
1 0.21084375 0.9025868055555555 0.279158203125 0.194826388888889
4 0.496390625 0.22449652777777776 0.278962890625 0.1306909722222222
1 0.4945859375 0.41986805555555556 0.2800625 0.24292708333333338
4 0.492369140625 0.6793645833333333 0.27209570312500003 0.16719444444444445
3 0.491947265625 0.8845451388888889 0.270076171875 0.22365277777777773
3 0.7781953125000001 0.2282673611111111 0.272455078125 0.20314930555555552
1 0.7760078125 0.40508333333333335 0.271615234375 0.1316805555555556
4 0.724537109375 0.5412013888888889 0.16570507812499996 0.02142361111111105
4 0.7779433593749999 0.6182430555555556 0.27045898437499993 0.12028472222222225
4 0.7784765625000001 0.7334479166666666 0.2734570312500001 0.1020590277777778