5 0.5174124708236079 0.060589344648750584 0.6130210070023342 0.07166902404526167
2 0.05893964654884962 0.18901933050447903 0.05845948649549849 0.023696369636963692
4 0.1448216072024008 0.21112682696841112 0.1937012337445815 0.02025931164545027
4 0.12310103367789262 0.24323432343234322 0.14937979326442147 0.04215935879302217
4 0.1395731910636879 0.27548797736916547 0.18232744248082694 0.02079679396511075
2 0.12810270090030013 0.31592644978783596 0.19283427809269754 0.02202263083451204
4 0.1254218072690897 0.336958981612447 0.15401800600200063 0.018033946251768036
4 0.15011003667889297 0.3586374351720886 0.20251750583527844 0.02032060348892028
4 0.14699566522174054 0.38108439415370104 0.19716905635211734 0.020414898632720394
1 0.4818672890963654 0.271984912776992 0.4593831277092365 0.19051390853371047
4 0.48809936645548513 0.3926402640264026 0.44103701233744586 0.03481376709099478
2 0.7601867289096366 0.18959924563884958 0.08653217739246423 0.024648750589344636
4 0.8411303767922641 0.2235030645921735 0.21409136378792915 0.042522395096652496
4 0.8458452817605869 0.2753936822253654 0.22176392130710226 0.0566949552098067
4 0.8440680226742248 0.3281753889674682 0.21644881627209073 0.04153701084394149
2 0.18120706902300768 0.45433757661480434 0.10187729243081026 0.016199905704856153
1 0.1770056685561854 0.5625459688826026 0.32232744248082695 0.2003866100895804
4 0.15352450816938978 0.6761150400754361 0.20824608202734243 0.01615747289014615
4 0.16260086695565187 0.6927487034417728 0.22639879959986664 0.016855256954266856
2 0.18151717239079693 0.7364922206506365 0.14612204068022674 0.019269212635549218
4 0.16211070356785598 0.7605139085337105 0.2794964988329443 0.013856671381423796
3 0.18598532844281426 0.8470768505421972 0.3148216072024008 0.15448844884488452
2 0.5180193397799266 0.4531023102310231 0.26206402134044676 0.019118340405469097
1 0.5192797599199733 0.6651815181518151 0.28322107369123045 0.38530881659594524
4 0.5117539179726576 0.8804196133899104 0.2675491830610204 0.03057991513437064
4 0.5024741580526842 0.9056152758132956 0.24836945648549522 0.01421970768505415
4 0.46237745915305106 0.9217397454031118 0.16817605868622879 0.01485148514851485
4 0.5131077025675225 0.9395049504950496 0.26901633877959313 0.014375294672324273
4 0.7901833944648217 0.45532296086751534 0.18771590530176727 0.016534653465346504
1 0.8368789596532178 0.7132390381895333 0.2894431477159053 0.4905940594059405