5 0.35074791666666666 0.06553472222222223 0.47885833333333333 0.09040625000000001
2 0.16525833333333334 0.23030555555555554 0.05298124999999999 0.02685069444444442
4 0.16505625 0.29117708333333336 0.2731833333333333 0.07912847222222226
4 0.06366041666666666 0.3456111111111111 0.07140625 0.0219513888888889
4 0.16883749999999997 0.3905104166666667 0.26244375000000003 0.055833333333333394
4 0.16346249999999998 0.43817361111111114 0.2515375 0.03485763888888885
4 0.16552708333333332 0.4755729166666667 0.2563604166666667 0.038187500000000006
2 0.16491250000000002 0.5403159722222222 0.15415208333333336 0.022434027777777824
4 0.156275 0.5731770833333333 0.26482500000000003 0.01899652777777779
4 0.16449375000000002 0.6118159722222222 0.280575 0.05362152777777772
4 0.16464166666666666 0.6847083333333334 0.28225208333333335 0.07375694444444447
4 0.16375208333333333 0.7394131944444445 0.27701458333333334 0.026392361111111186
1 0.16450416666666667 0.8221597222222223 0.2812875 0.11926736111111104
4 0.16382708333333332 0.9405625000000001 0.28200625 0.09555902777777779
4 0.40800833333333336 0.6643229166666667 0.16380624999999996 0.04220486111111117
4 0.4121166666666667 0.7179131944444445 0.15196666666666667 0.0571666666666667
4 0.41196041666666666 0.77625 0.15234374999999994 0.0551111111111112
0 0.4128125 0.8189756944444445 0.09733541666666667 0.026444444444444395
4 0.37699166666666667 0.8452569444444445 0.08033333333333331 0.017916666666666792
4 0.4117166666666667 0.8828229166666668 0.14978125000000006 0.0527013888888888
4 0.3684291666666667 0.9221458333333334 0.061133333333333345 0.01722916666666663
4 0.4082520833333333 0.9600833333333333 0.14354583333333332 0.05506597222222227
2 0.5090583333333334 0.6206979166666666 0.26907916666666665 0.024121527777777707
2 0.5087104166666666 0.23085069444444445 0.14112291666666674 0.027128472222222182
1 0.5086166666666667 0.42498958333333337 0.365025 0.34739583333333335
2 0.8531458333333333 0.22921180555555556 0.15703541666666657 0.02500347222222222
4 0.8416083333333332 0.2638506944444444 0.25706874999999996 0.021652777777777743
4 0.8487916666666666 0.2973576388888889 0.25414583333333324 0.035642361111111145
4 0.8167625000000001 0.32700694444444445 0.1907791666666666 0.016555555555555577
4 0.84831875 0.36868055555555557 0.2531979166666666 0.05379513888888887
4 0.8506999999999999 0.4326041666666667 0.2773270833333333 0.0640625
3 0.8527791666666666 0.5379340277777778 0.2807937499999999 0.13870833333333335
1 0.8474583333333334 0.6751840277777778 0.25770416666666657 0.1261770833333333
4 0.8482770833333333 0.7593194444444445 0.27178958333333325 0.030475694444444597
4 0.8508041666666666 0.89965625 0.2768416666666666 0.03334027777777793
1 0.8531833333333334 0.8302118055555556 0.267075 0.09848263888888893
2 0.85348125 0.9323645833333334 0.06225833333333337 0.02152430555555548