5 0.5418132716049383 0.1024074074074074 0.6611689814814815 0.03699074074074075
2 0.12827546296296297 0.2470023148148148 0.08872685185185186 0.03103587962962963
4 0.11910493827160495 0.3291608796296296 0.21120370370370373 0.07962384259259257
0 0.10238811728395061 0.39481481481481484 0.0678125 0.022847222222222234
4 0.11907793209876542 0.5031365740740741 0.20952546296296293 0.1760069444444445
4 0.12774691358024692 0.6611458333333333 0.12506944444444446 0.02599537037037041
4 0.11824845679012345 0.797667824074074 0.2089313271604938 0.1813310185185186
0 0.11278549382716048 0.9259722222222222 0.15664737654320987 0.037123842592592646
1 0.35997685185185185 0.3379050925925926 0.1950694444444444 0.25112847222222223
2 0.37102623456790124 0.49927662037037035 0.033375771604938265 0.022667824074074115
4 0.36137345679012345 0.604994212962963 0.2127083333333333 0.13159722222222228
0 0.35808256172839503 0.700005787037037 0.17431327160493826 0.03531249999999999
4 0.3600270061728395 0.7609606481481482 0.21001543209876547 0.06974537037037036
3 0.3639313271604938 0.9003645833333332 0.20297839506172835 0.0988425925925927
2 0.6180555555555556 0.25296296296296295 0.03577160493827153 0.027170138888888914
4 0.6103742283950617 0.3678298611111111 0.213395061728395 0.14715277777777777
4 0.6100270061728396 0.4804282407407407 0.20846064814814813 0.05424189814814816
0 0.600991512345679 0.5315451388888889 0.11722608024691354 0.024456018518518512
4 0.6082291666666667 0.5727719907407407 0.21123070987654313 0.051244212962963005
0 0.6137654320987654 0.6225925925925926 0.14065586419753084 0.04431712962962959
4 0.6087770061728395 0.6777083333333332 0.2144444444444445 0.05434606481481473
0 0.6116280864197531 0.7270428240740741 0.13849537037037038 0.02894675925925925
4 0.6100308641975308 0.7742534722222223 0.21059027777777775 0.04702546296296309
1 0.6080902777777778 0.8895775462962964 0.2332175925925926 0.17746527777777768
2 0.8781327160493827 0.25263310185185184 0.08618441358024705 0.02332754629629633
4 0.8660725308641976 0.37923032407407403 0.21369598765432093 0.18586226851851856
4 0.8669135802469136 0.5230208333333333 0.21219907407407415 0.08376157407407409
4 0.866400462962963 0.6278530092592592 0.21011188271604933 0.10255208333333335
2 0.8780015432098767 0.7183333333333333 0.074255401234568 0.021076388888888933
4 0.8667708333333334 0.7946875 0.21191358024691348 0.08311921296296303
1 0.8695331790123456 0.9172511574074074 0.21107638888888886 0.13102430555555547