5 0.3895018450184502 0.04976 0.7559455719557197 0.08618666666666666
2 0.1128690036900369 0.14045333333333335 0.13579335793357933 0.040906666666666675
3 0.4953551660516605 0.21680666666666665 0.9215175276752767 0.10693999999999998
2 0.12870848708487087 0.29977333333333334 0.1167389298892989 0.0295466666666667
2 0.5720940959409594 0.29925999999999997 0.09714022140221398 0.03517999999999999
2 0.13544741697416973 0.6315466666666667 0.08178044280442803 0.036433333333333394
2 0.594700184501845 0.6300666666666667 0.11467712177121767 0.0334666666666667
4 0.11909132841328413 0.33984666666666663 0.15686808118081183 0.019120000000000005
1 0.1204520295202952 0.40484666666666663 0.1575230627306273 0.10597333333333336
1 0.23015221402214023 0.40174 0.05473708487084872 0.11314666666666669
4 0.31156826568265683 0.36569999999999997 0.10021678966789667 0.0336266666666667
4 0.31151752767527674 0.4027266666666667 0.10011992619926197 0.03478000000000005
4 0.3111162361623616 0.44394 0.10034594095940957 0.0309066666666666
4 0.16875461254612548 0.47009999999999996 0.2572186346863468 0.020746666666666594
4 0.10809040590405902 0.4917733333333333 0.13382841328413284 0.019460000000000036
4 0.2489529520295203 0.49352666666666667 0.13350553505535057 0.01850666666666666
1 0.17845940959409592 0.5534266666666666 0.2766282287822878 0.09664666666666669
4 0.589589483394834 0.3476933333333333 0.1549538745387454 0.022906666666666638
1 0.6466236162361624 0.41519999999999996 0.2691420664206642 0.10882666666666667
1 0.596130073800738 0.5179733333333334 0.16700645756457572 0.08823333333333327
4 0.8286070110701107 0.37932 0.07301660516605174 0.028140000000000023
4 0.8282656826568267 0.41806000000000004 0.07644833948339494 0.028253333333333405
4 0.8399677121771217 0.45636666666666664 0.09470479704797055 0.026013333333333322
4 0.788980627306273 0.5071666666666667 0.18624999999999997 0.0338733333333333
4 0.792149446494465 0.5656 0.1894972324723247 0.07041333333333341
4 0.10595940959409593 0.6740866666666666 0.11824723247232473 0.024046666666666626
1 0.11967250922509225 0.7403333333333333 0.11684963099630999 0.0925666666666666
1 0.30827029520295207 0.7447133333333333 0.11832564575645756 0.1251266666666667
3 0.1033579335793358 0.8294466666666667 0.10790129151291514 0.06398666666666668
4 0.10867619926199262 0.8801466666666666 0.08661900369003689 0.013626666666666704
0 0.10426660516605167 0.9080199999999999 0.0901568265682657 0.03814000000000002
4 0.27516605166051655 0.8389933333333334 0.21475553505535053 0.05630666666666669
4 0.27391605166051664 0.8970199999999999 0.21328413284132838 0.05333333333333334
4 0.6756273062730628 0.6717666666666667 0.3362915129151291 0.02684666666666673
4 0.7969787822878228 0.7215733333333333 0.27738929889298897 0.0684399999999999
4 0.7963514760147602 0.79378 0.27716328413284125 0.06407333333333341
4 0.788939114391144 0.8802733333333334 0.2602859778597787 0.08679333333333338
1 0.5710378228782288 0.8033 0.13740774907749082 0.20064