5 0.2821678966789668 0.055580000000000004 0.5481964944649448 0.08449333333333334
2 0.11561346863468636 0.13934 0.13898062730627306 0.038679999999999985
3 0.4953966789667897 0.2200666666666667 0.9262177121771218 0.1168066666666667
2 0.1612361623616236 0.30195333333333335 0.20946033210332105 0.033906666666666675
2 0.608459409594096 0.30405333333333334 0.20598708487084869 0.042166666666666665
2 0.1344280442804428 0.63266 0.07430350553505537 0.03554666666666662
2 0.5933948339483395 0.6286866666666666 0.10567804428044286 0.032946666666666714
4 0.24638837638376382 0.37138000000000004 0.37826568265682664 0.04334
4 0.2537915129151292 0.43424666666666667 0.39429889298892995 0.04628000000000005
4 0.2439391143911439 0.4934266666666667 0.37213560885608854 0.041839999999999995
4 0.25263837638376385 0.5529666666666667 0.38829797047970477 0.04523333333333327
1 0.664289667896679 0.45242 0.31395756457564566 0.2445733333333333
4 0.672850553505535 0.58894 0.2929059040590406 0.022859999999999974
4 0.12119926199261992 0.6752133333333333 0.14265682656826567 0.02812000000000004
1 0.2658671586715867 0.7984066666666666 0.43938191881918826 0.20866000000000015
4 0.7410839483394834 0.7374933333333333 0.4269095940959409 0.04588666666666662
4 0.7443773062730628 0.7840799999999999 0.43102859778597796 0.0411866666666668
4 0.7327583025830258 0.8208666666666666 0.41272140221402204 0.02398666666666668