5 0.44668359375 0.04033984375 0.60553515625 0.0426171875
2 0.12533203125 0.1741953125 0.20427734375 0.03201562500000001
2 0.13670703125 0.51297265625 0.22583984375000005 0.03161718750000002
2 0.431927734375 0.17383203125 0.2632128906250001 0.031285156250000015
2 0.37451953125 0.7195703124999999 0.146017578125 0.030906249999999958
2 0.768619140625 0.17303125 0.14089648437499996 0.02730468749999999
4 0.15114648437499997 0.2157265625 0.25114843750000004 0.03895703125000001
4 0.146443359375 0.25872265625 0.24293359374999995 0.039308593749999954
4 0.14215820312500002 0.30610546875 0.23555078125 0.04130859375
1 0.15067382812500002 0.38991015625 0.25377148437499997 0.10662109375000002
4 0.150583984375 0.56107421875 0.25359375 0.0421875
4 0.14391015625 0.61995703125 0.240244140625 0.05766406249999996
4 0.139927734375 0.6915 0.23346874999999997 0.058019531250000075
1 0.149552734375 0.8466093750000001 0.25390820312500006 0.23265234375000005
4 0.464248046875 0.2097265625 0.32428515625000004 0.022195312499999998
1 0.48169531250000003 0.42612500000000003 0.3636796875 0.40266015624999996
4 0.48146875 0.6437968749999999 0.35991796874999993 0.02446484375000004
4 0.42399414062499996 0.77215625 0.24377734375000007 0.062332031250000065
4 0.39328124999999997 0.8272890625 0.16808007812499998 0.022734374999999928
4 0.405587890625 0.85162890625 0.19150390625 0.021464843749999928
4 0.40845312500000003 0.8837539062499999 0.19842578124999996 0.03813671875000004
4 0.417412109375 0.93825 0.19968945312499997 0.04246093749999993
0 0.612748046875 0.8227890625000001 0.07773632812500005 0.03039062500000007
0 0.605603515625 0.8779492187500001 0.10507421875000009 0.03604296875000017
0 0.6121015625 0.9318710937500001 0.12520898437499994 0.06300390624999999
4 0.7533828125 0.2096796875 0.11042187499999993 0.022101562499999994
4 0.837412109375 0.24456250000000002 0.27610156249999995 0.03953906250000001
3 0.8345546875000001 0.318859375 0.2680097656249999 0.09535546875000005
4 0.75033984375 0.39291015625000003 0.10433593750000006 0.019855468750000015
4 0.83116015625 0.43911718750000006 0.26716796874999993 0.06231249999999999
3 0.8401191406249999 0.5397929687499999 0.2803261718750001 0.12569921874999998
4 0.7366406249999999 0.630015625 0.07693945312500006 0.02306640625000007
4 0.83378125 0.65712890625 0.2688398437500001 0.022585937500000063
3 0.8364863281250001 0.72415625 0.27662890625000003 0.10192187500000002