5 0.485428125 0.0309375 0.7783531249999999 0.04438125
1 0.07448437499999999 0.28428125000000004 0.107871875 0.34606250000000005
1 0.248853125 0.31723125 0.18020625 0.28696875
4 0.085875 0.4778875 0.069253125 0.030775000000000007
4 0.24811875 0.47941249999999996 0.09123750000000001 0.026324999999999932
0 0.25244999999999995 0.13921875 0.14865312499999997 0.05344374999999999
1 0.4628125 0.2948 0.201875 0.32959375
1 0.62856875 0.2934625 0.10588750000000005 0.34192500000000003
4 0.47386249999999996 0.4778125 0.09397812500000001 0.025625
4 0.6298718749999999 0.48320625 0.11974062499999995 0.026412499999999995
2 0.37474375000000004 0.52318125 0.36573437499999994 0.04136250000000004
2 0.052750000000000005 0.5805625 0.075903125 0.029737499999999955
2 0.175390625 0.8250062499999999 0.09013437500000002 0.03350625000000008
4 0.20764375000000002 0.58179375 0.22617500000000004 0.032199999999999986
4 0.141125 0.61760625 0.2559375 0.03310625000000002
4 0.1644875 0.6586124999999999 0.27635312500000003 0.024675000000000013
4 0.17453125 0.68695 0.29890937500000003 0.025449999999999875
4 0.15930624999999998 0.7148749999999999 0.26763125000000004 0.02703125
4 0.17186562500000002 0.7460625000000001 0.29193125 0.026912499999999964
4 0.182240625 0.7753749999999999 0.31104062500000007 0.02633749999999992
4 0.174375 0.8599625000000001 0.083171875 0.019556249999999976
0 0.169515625 0.89233125 0.237896875 0.03824999999999989
0 0.19228437499999998 0.94631875 0.17654062499999995 0.06235624999999999
4 0.54259375 0.78396875 0.11495625000000004 0.02872500000000002
4 0.54618125 0.5747875 0.2972687499999999 0.02969999999999999
0 0.5356281250000001 0.64361875 0.21778437500000003 0.08349375000000002
0 0.54858125 0.72685625 0.20340000000000003 0.0822312500000001
0 0.5299843750000001 0.855375 0.16237187500000005 0.08108749999999987
0 0.510696875 0.92974375 0.11364999999999995 0.06703125
0 0.5720562499999999 0.9802875 0.13770312499999995 0.028331249999999954
4 0.8553499999999999 0.1308875 0.26497812500000006 0.035337500000000015
3 0.8558125 0.21441875 0.28094687499999993 0.12006250000000002
3 0.85734375 0.3754125 0.28400312499999986 0.13168750000000004
3 0.8569031250000001 0.5481750000000001 0.283125 0.13913750000000008
3 0.857509375 0.7024062499999999 0.2835468750000001 0.07626249999999998
4 0.855803125 0.292175 0.24529687499999994 0.030125000000000027
4 0.8597625 0.4608 0.23814999999999997 0.031681250000000036
4 0.8571 0.6431 0.254178125 0.02933124999999997
4 0.85565 0.7784875 0.25853125000000005 0.03109375
1 0.8584 0.8662062500000001 0.283009375 0.11277500000000003