5 0.4999042004421517 0.056017361111111115 0.514102186195038 0.0810625
2 0.17461311717022845 0.19849305555555555 0.04976909850159664 0.02703124999999997
4 0.17402603782854337 0.2610486111111111 0.2774478015229673 0.06610763888888892
4 0.1789290100712356 0.31890625 0.28847211987226723 0.042444444444444444
4 0.1776909850159666 0.37550347222222225 0.2835617784328175 0.06444444444444442
4 0.18037091623679685 0.4457673611111111 0.2877057234094817 0.07075347222222221
2 0.1746524195529354 0.5156041666666666 0.1545369688037337 0.028034722222222145
4 0.17566199950872022 0.5987118055555556 0.3050675509702776 0.11337847222222214
1 0.1806042741341194 0.7686875000000001 0.24800049127978388 0.20554513888888898
4 0.1803930238270695 0.9143645833333333 0.29626873004175874 0.04779513888888876
4 0.17950380741832472 0.9648125 0.2957086710881847 0.045451388888888763
2 0.49962417096536477 0.19896875 0.26034389584868584 0.03142708333333333
1 0.4955244411692459 0.30204166666666665 0.29475313190862196 0.16013888888888891
4 0.5001940555146156 0.4542673611111111 0.3065241955293539 0.11528472222222222
0 0.4993908130680422 0.5457743055555555 0.27083517563252263 0.06428472222222217
2 0.5002505526897568 0.6168680555555556 0.11430361090641118 0.03096180555555558
4 0.42102186195038077 0.6668125 0.12748464750675503 0.020725694444444463
4 0.4909702775730779 0.6935486111111111 0.266165561287153 0.02257291666666674
4 0.488415622697126 0.7307673611111112 0.2622746253991648 0.040229166666666635
1 0.5003389830508475 0.8272569444444444 0.2995111766150822 0.11103819444444443
4 0.8250724637681159 0.20213888888888887 0.15164333087693446 0.029166666666666667
4 0.8171726848440187 0.2704201388888889 0.27218373863915485 0.06936458333333333
4 0.8213068042250061 0.3604236111111111 0.27558339474330623 0.042885416666666704
4 0.8281110292311471 0.32295833333333335 0.2904077622205846 0.026458333333333348
4 0.8293392286907393 0.43322222222222223 0.29164333087693434 0.0921284722222222
2 0.8273495455661999 0.5148472222222222 0.16522721690002465 0.0218159722222222
4 0.8236379267993122 0.5771215277777777 0.2834045689019896 0.04772916666666668
4 0.8232006877916974 0.6265486111111112 0.28253009088676007 0.04435416666666659
1 0.8270277573077868 0.7365416666666665 0.2965315647261116 0.13522222222222216