5 0.5037159999999999 0.028687999999999998 0.5530279999999999 0.04458399999999999
4 0.248416 0.29591999999999996 0.48082799999999987 0.12143999999999996
4 0.748572 0.297888 0.41873999999999995 0.12216800000000003
2 0.075336 0.465984 0.057872 0.029560000000000038
2 0.25101999999999997 0.480256 0.17564 0.0517039999999999
2 0.45498 0.477592 0.18356399999999998 0.04958400000000002
2 0.644904 0.466104 0.03380799999999999 0.0266
2 0.8697879999999999 0.46856800000000004 0.10437999999999993 0.02514400000000005
4 0.076556 0.5066 0.132316 0.04679200000000001
4 0.189712 0.539944 0.05462399999999998 0.020679999999999928
4 0.243536 0.571368 0.16067200000000004 0.03872800000000007
4 0.20428 0.6353840000000001 0.08375999999999999 0.022776000000000022
4 0.219764 0.662744 0.11632399999999998 0.019879999999999926
3 0.246008 0.706024 0.16881999999999997 0.045639999999999965
4 0.244056 0.754864 0.16491199999999998 0.021728000000000067
4 0.242344 0.795608 0.16148400000000002 0.023215999999999987
3 0.24747600000000003 0.8893200000000001 0.10455200000000002 0.15944000000000005
4 0.252212 0.980008 0.15516400000000002 0.019327999999999883
1 0.07888800000000001 0.75652 0.132108 0.43267199999999995
4 0.391532 0.5381279999999999 0.055375999999999974 0.020439999999999965
4 0.45072399999999996 0.56848 0.17487999999999998 0.03874400000000005
4 0.40523200000000004 0.634864 0.08724800000000005 0.017479999999999926
4 0.38668 0.660856 0.04902800000000002 0.0226
4 0.43275600000000003 0.6823600000000001 0.044079999999999925 0.023184000000000014
4 0.40952 0.727168 0.08242800000000002 0.03691200000000008
4 0.420108 0.797064 0.11587999999999997 0.02045599999999995
1 0.45271999999999996 0.8884879999999999 0.13981200000000005 0.1541920000000001
4 0.453904 0.97944 0.18681599999999998 0.02136800000000003
1 0.503252 0.694208 0.08573600000000006 0.16296000000000005
4 0.644604 0.501408 0.14685599999999996 0.04043199999999997
1 0.640968 0.691272 0.11572399999999998 0.32856
4 0.5905560000000001 0.886152 0.05747199999999993 0.017815999999999985
4 0.606112 0.91196 0.07890799999999999 0.013968000000000029
4 0.584428 0.9292799999999999 0.033604000000000085 0.015056000000000132
4 0.5857600000000001 0.9460639999999999 0.03755599999999995 0.015088000000000101
1 0.689336 0.9283040000000001 0.08151599999999999 0.12920800000000018
3 0.890848 0.576344 0.20459599999999992 0.18643199999999996
3 0.89144 0.788968 0.2044920000000001 0.21692799999999998
3 0.8903719999999999 0.9408559999999999 0.20493199999999998 0.0666