5 0.5051475694444444 0.030729166666666665 0.7246788194444443 0.037960069444444446
2 0.16622974537037039 0.2121267361111111 0.11794270833333335 0.0319791666666667
4 0.19576099537037037 0.2469357638888889 0.24472222222222217 0.017330729166666694
4 0.2108333333333333 0.2743793402777778 0.24711805555555552 0.029487847222222245
4 0.20304976851851853 0.3093402777777778 0.2300868055555555 0.02820312500000001
4 0.18721064814814814 0.33812934027777775 0.22835648148148147 0.021145833333333346
4 0.18118344907407405 0.3608159722222222 0.1943923611111111 0.01722222222222225
4 0.19282986111111106 0.3836328125 0.24032407407407402 0.01793402777777775
4 0.15980613425925924 0.40692708333333333 0.14506365740740737 0.01523437499999996
4 0.18505497685185185 0.4271050347222222 0.19701967592592595 0.020525173611111096
4 0.17491319444444445 0.4466145833333333 0.17527488425925927 0.01792100694444443
4 0.1203096064814815 0.469296875 0.09381944444444447 0.02274739583333327
4 0.14891203703703704 0.49276475694444444 0.12254050925925926 0.016002604166666618
4 0.186640625 0.5122873263888889 0.1972685185185185 0.018893229166666754
4 0.17668113425925927 0.5337282986111112 0.17808159722222225 0.021245659722222143
4 0.1839207175925926 0.6135416666666667 0.2356510416666667 0.022026909722222224
1 0.1890740740740741 0.7860460069444444 0.2941608796296296 0.31335069444444436
2 0.6615972222222223 0.2137890625 0.06116898148148137 0.03100694444444442
4 0.44956886574074073 0.24643229166666666 0.1498119212962963 0.02179253472222224
4 0.4483043981481481 0.27262586805555555 0.10272858796296302 0.016124131944444484
4 0.48675636574074077 0.3210850694444444 0.15261284722222218 0.06921440972222223
4 0.4453587962962963 0.36984809027777776 0.09829861111111106 0.023233506944444433
4 0.482109375 0.40663194444444445 0.14404803240740738 0.04421440972222227
4 0.45391782407407405 0.44111111111111106 0.1146903935185185 0.02005642361111108
4 0.48605324074074074 0.49204427083333335 0.1533969907407407 0.07481770833333339
1 0.7643518518518518 0.3879600694444445 0.3966811342592593 0.3004730902777778
2 0.6618489583333333 0.5901909722222222 0.12083333333333345 0.036675347222222224
4 0.42222511574074073 0.6317838541666667 0.0534953703703704 0.017973090277777715
4 0.5094444444444445 0.6541145833333333 0.17753761574074078 0.015529513888888976
4 0.42007812499999997 0.6764843749999999 0.04481481481481485 0.01973524305555547
4 0.5285127314814815 0.6977821180555556 0.2149450231481482 0.01631510416666673
4 0.461328125 0.7204340277777779 0.13096932870370373 0.01889756944444443
3 0.5209056712962963 0.8374479166666666 0.27714699074074073 0.21348958333333337
3 0.8143171296296297 0.7926736111111112 0.26728298611111123 0.3014149305555557
4 0.7914409722222222 0.6324131944444444 0.19377893518518513 0.015950520833333332