5 0.17537705723409483 0.07079166666666667 0.28656104151314177 0.048833333333333326
4 0.11873495455661999 0.2637951388888889 0.17014984033407027 0.034895833333333334
1 0.2497936624907885 0.41296875 0.19555391795627614 0.21045486111111117
3 0.1926283468435274 0.6529444444444444 0.3135912552198477 0.13325000000000006
1 0.08915991156963891 0.8352673611111112 0.10665438467207075 0.10804166666666662
1 0.3088872512896094 0.8320138888888888 0.0944043232620978 0.12148263888888886
4 0.6358241218373865 0.11652777777777779 0.43773028739867353 0.14096180555555557
4 0.536870547776959 0.26319791666666664 0.2430803242446573 0.03523611111111112
4 0.7967182510439695 0.26405555555555554 0.1883714075165806 0.03388541666666664
4 0.5846745271432081 0.3253611111111111 0.14215180545320555 0.029100694444444426
4 0.5976369442397446 0.38271875 0.16590763940063863 0.03177083333333333
4 0.590665684107099 0.44450347222222225 0.15087939081306817 0.02948263888888884
4 0.8754630311962663 0.32576041666666666 0.14715057725374606 0.03143055555555555
4 0.8841513141734217 0.38428819444444445 0.1623581429624171 0.02877430555555552
4 0.8698722672562024 0.4432743055555556 0.13705723409481702 0.030090277777777726
1 0.7471260132645542 0.3247638888888889 0.09135593220338979 0.07088194444444448
0 0.750810611643331 0.38369444444444445 0.09981331368214201 0.02144444444444452
0 0.7440162122328666 0.4410034722222222 0.08514124293785302 0.0209444444444445
4 0.5952272169000246 0.49714583333333334 0.3587054777695898 0.021187499999999995
4 0.49948661262589045 0.7041805555555556 0.1683099975436011 0.03619097222222215
4 0.7930287398673544 0.7047777777777778 0.18207811348563002 0.035847222222222225
4 0.6063350528125767 0.8901458333333333 0.17244411692458844 0.032079861111111226
4 0.7441095553917956 0.7621111111111112 0.08424220093343154 0.021583333333333284
4 0.882210759027266 0.771236111111111 0.1592114959469417 0.02897916666666668
4 0.879412920658315 0.822142361111111 0.15447310243183485 0.029249999999999925
4 0.8689314664701547 0.871642361111111 0.13436256448047157 0.029125000000000036