5 0.34512453874538745 0.05388 0.6701476014760148 0.03926666666666667
2 0.11392988929889299 0.14069333333333334 0.13739852398523986 0.04064666666666665
3 0.4973108856088561 0.21879333333333334 0.9285701107011072 0.11174666666666667
2 0.16132841328413283 0.30376 0.20778136531365315 0.03471333333333337
2 0.6099769372693727 0.30522 0.20476014760147604 0.041793333333333293
4 0.24624538745387453 0.37264 0.3761808118081181 0.04171999999999995
4 0.25580258302583025 0.432 0.3981688191881919 0.04630000000000003
4 0.23886531365313654 0.4923666666666666 0.3614160516605166 0.048733333333333274
4 0.25345940959409596 0.5541066666666666 0.3906042435424354 0.05184666666666665
4 0.6736346863468635 0.5870466666666667 0.2976107011070112 0.020186666666666648
4 0.19877306273062734 0.6885333333333333 0.30421586715867155 0.03221999999999995
1 0.2702490774907749 0.8096733333333334 0.45003228782287813 0.16035333333333346
4 0.7387684501845019 0.7264266666666668 0.42357472324723255 0.04989333333333343
4 0.7432564575645757 0.7726466666666667 0.4354243542435424 0.04271999999999995
4 0.7340313653136532 0.8095466666666666 0.41410055350553504 0.02519333333333331
1 0.6646309963099631 0.45056 0.31002767527675273 0.24166666666666667