4 0.145924 0.374656 0.271052 0.160512
4 0.145912 0.6290399999999999 0.288624 0.1508880000000001
5 0.642844 0.093416 0.554492 0.049224000000000004
2 0.358288 0.206048 0.11803199999999997 0.03097600000000002
2 0.5214880000000001 0.208384 0.08937999999999993 0.0324
2 0.7308520000000001 0.204152 0.13106800000000002 0.028815999999999984
2 0.359012 0.554288 0.11296800000000003 0.028752000000000045
2 0.532112 0.557712 0.10573999999999996 0.029095999999999914
2 0.687712 0.63772 0.10342000000000007 0.02948799999999992
2 0.8034359999999999 0.638984 0.0816039999999999 0.0304
2 0.917744 0.20376 0.11722799999999989 0.02966400000000001
1 0.38198000000000004 0.30025599999999997 0.17015599999999995 0.15336800000000003
4 0.38592 0.410976 0.17039600000000005 0.056647999999999955
4 0.3859679999999999 0.48688000000000003 0.17049199999999995 0.05367999999999993
1 0.382872 0.8115359999999999 0.16442799999999996 0.3558159999999999
4 0.5624239999999999 0.247416 0.17351599999999998 0.03531999999999998
4 0.536088 0.28748 0.11904799999999996 0.01971199999999999
4 0.567088 0.339368 0.17147199999999993 0.08041599999999999
4 0.5663239999999999 0.40585600000000005 0.16934400000000005 0.05064000000000001
4 0.567616 0.4742 0.17193199999999997 0.08322399999999998
1 0.5511520000000001 0.658768 0.15216399999999994 0.16157600000000003
4 0.552108 0.762616 0.13852000000000006 0.0366
4 0.5423680000000001 0.805392 0.11665200000000005 0.04795999999999995
4 0.547508 0.855824 0.12633199999999997 0.049495999999999915
4 0.384788 0.6029359999999999 0.15988400000000003 0.04631200000000008
1 0.748008 0.342976 0.16055600000000003 0.239592
4 0.7445439999999999 0.482072 0.15183599999999997 0.018784000000000016
4 0.7491680000000001 0.509352 0.16047999999999993 0.03026399999999994
4 0.744388 0.542424 0.14972800000000006 0.03299200000000001
4 0.75312 0.576576 0.165392 0.03308799999999992
1 0.692368 0.76976 0.11927999999999993 0.23277599999999993
4 0.694196 0.907328 0.11156800000000003 0.031647999999999954
4 0.697508 0.951968 0.117 0.0551119999999999
4 0.812688 0.7145600000000001 0.09186799999999994 0.10683199999999997
4 0.812376 0.823592 0.08945600000000004 0.1082880000000001
4 0.809012 0.9041680000000001 0.08152800000000006 0.04806399999999994
1 0.9229280000000001 0.493784 0.11908400000000001 0.5371040000000001