5 0.49884228187919466 0.07971615720524017 0.9309731543624161 0.08708515283842796
4 0.1361996644295302 0.24242358078602622 0.06114932885906039 0.022063318777292555
2 0.1364513422818792 0.5531768558951964 0.08666946308724832 0.024792576419213952
2 0.37935402684563757 0.6719541484716157 0.08740771812080532 0.023624454148471724
2 0.865243288590604 0.8820087336244541 0.06963926174496653 0.02593886462882095
2 0.8652097315436241 0.5140938864628821 0.0751174496644295 0.028024017467248863
2 0.6212667785234899 0.4611681222707424 0.12650167785234898 0.025272925764192114
2 0.6209815436241611 0.2378165938864629 0.14955536912751677 0.021681222707423595
4 0.1380872483221476 0.28169213973799123 0.2006208053691275 0.03289301310043668
4 0.13865771812080538 0.31807860262008736 0.2025503355704698 0.03397379912663756
4 0.13743288590604028 0.3458078602620087 0.20010067114093957 0.01672489082969438
4 0.1388087248322148 0.38186681222707425 0.20364093959731547 0.051975982532751104
4 0.1376426174496644 0.44494541484716155 0.20052852348993286 0.06752183406113539
4 0.1279278523489933 0.4986790393013101 0.18109060402684565 0.03364628820960704
4 0.058859060402684564 0.5875545851528384 0.06805369127516779 0.016724890829694253
4 0.12763422818791945 0.6193122270742357 0.19156040268456379 0.035131004366812296
4 0.1397734899328859 0.6818995633187773 0.21583053691275167 0.08348253275109173
4 0.13661073825503356 0.7344432314410481 0.21043624161073823 0.016626637554585173
4 0.07418624161073827 0.7562445414847162 0.0977768456375839 0.016342794759825356
1 0.13496644295302013 0.8553820960698689 0.22495805369127514 0.1414628820960698
4 0.08256711409395974 0.7738537117903931 0.08735738255033558 0.01618995633187765
4 0.13997483221476512 0.9451746724890829 0.21623322147651006 0.014978165938864658
4 0.13890939597315438 0.9740502183406113 0.2140939597315436 0.034934497816593885
4 0.37852348993288587 0.8997161572052401 0.20983221476510067 0.03501091703056761
4 0.3787416107382551 0.9376637554585152 0.21119966442953025 0.03410480349344979
4 0.37855704697986575 0.8628056768558953 0.09463087248322144 0.031921397379912675
4 0.3781543624161074 0.7235152838427947 0.1594211409395973 0.025262008733624563
0 0.37515939597315434 0.788995633187773 0.16749161073825503 0.020862445414847053
0 0.33593959731543627 0.8116921397379913 0.1246560402684564 0.016277292576419303
4 0.3788255033557047 0.7591266375545852 0.21136744966442947 0.0343013100436682
4 0.3722147651006711 0.6230349344978167 0.19627516778523488 0.030163755458515403
4 0.3715268456375839 0.5988427947598253 0.1958389261744967 0.016135371179039272
4 0.3811325503355705 0.5702292576419214 0.21317114093959733 0.03206331877729252
4 0.36451342281879195 0.5352292576419214 0.18086409395973152 0.03278384279475979
4 0.37909395973154364 0.4996288209606987 0.2081627516778523 0.03353711790393016
4 0.3772315436241611 0.4623362445414847 0.2044379194630872 0.03210698689956328
4 0.3045385906040268 0.43066593886462884 0.07684563758389264 0.021189956331877695
4 0.3668120805369128 0.3993013100436681 0.1854614093959731 0.032849344978165974
4 0.3761157718120805 0.3706004366812227 0.20406879194630867 0.018122270742358105
4 0.3660906040268456 0.3417794759825327 0.18215604026845633 0.03120087336244546
4 0.38331375838926174 0.304061135371179 0.21565436241610744 0.0338100436681223
4 0.376493288590604 0.2685480349344978 0.2038926174496644 0.03472707423580783
4 0.3528020134228188 0.23723799126637554 0.14057885906040274 0.022085152838427966
4 0.5869546979865772 0.2762008733624454 0.14036912751677846 0.015884279475982515
0 0.6210486577181208 0.3033951965065502 0.15703020134228193 0.036135371179039324
4 0.6158389261744966 0.3364956331877729 0.20188758389261752 0.030393013100436714
0 0.6193372483221476 0.3722707423580786 0.20232382550335576 0.03732532751091709
0 0.6194714765100671 0.42257641921397376 0.13419463087248326 0.020862445414847178
4 0.5536828859060403 0.39914847161572053 0.06820469798657715 0.015480349344978111
4 0.6217281879194632 0.5234061135371179 0.19398489932885907 0.03961790393013096
4 0.6219127516778524 0.5717903930131004 0.2102936241610739 0.03396288209606982
0 0.6198657718120806 0.6081986899563319 0.20526006711409403 0.03606986899563315
4 0.6123909395973155 0.665556768558952 0.19030201342281872 0.01787117903930119
4 0.6224161073825503 0.7084825327510917 0.18318791946308716 0.04031659388646295
4 0.6217281879194632 0.7570960698689956 0.21180369127516782 0.03266375545851536
0 0.6186744966442953 0.7947598253275109 0.15882550335570464 0.03728165938864639
0 0.6353859060402685 0.8366157205240174 0.12308724832214768 0.04613537117903929
4 0.6172147651006712 0.8984497816593887 0.20035234899328855 0.016692139737991225
4 0.6049328859060403 0.9284825327510917 0.17578859060402682 0.03766375545851528
4 0.8014345637583892 0.7056986899563318 0.09754194630872481 0.015687772925764072
4 0.7758221476510067 0.7862227074235807 0.044496644295301986 0.02888646288209611
4 0.8648406040268457 0.27923580786026203 0.19458053691275173 0.04234716157205243
4 0.8651761744966443 0.34518558951965067 0.20810402684563753 0.06872270742358083
0 0.8615352348993289 0.39903930131004367 0.20081375838926166 0.03537117903930129
4 0.8683305369127516 0.46353711790393015 0.2168120805369128 0.0379475982532751
4 0.8320218120805369 0.7851200873362445 0.04706375838926167 0.02675764192139737
4 0.8865520134228188 0.7851965065502183 0.0436241610738255 0.0277729257641922
4 0.9446979865771812 0.7849999999999999 0.049404362416107274 0.028231441048034826
1 0.7791275167785235 0.7431768558951966 0.05582214765100668 0.0541593886462881
1 0.8361073825503356 0.7423362445414847 0.05260067114093964 0.05419213973799138
1 0.892768456375839 0.7421834061135372 0.05474832214765119 0.053034934497816516
1 0.9484395973154363 0.7416484716157206 0.05294463087248333 0.054530567685589566
4 0.7952013422818792 0.5475 0.08457214765100667 0.0152947598253275
1 0.7803187919463087 0.5835480349344978 0.05481543624161067 0.05143013100436677
1 0.8360234899328859 0.5835371179039301 0.05406879194630867 0.05036026200873368
1 0.891510067114094 0.5827729257641922 0.053716442953020305 0.05199781659388652
1 0.9470469798657719 0.5830676855895197 0.055083892617449545 0.05364628820960703
4 0.7767197986577181 0.6250982532751092 0.048422818791946334 0.02878820960698678
4 0.830243288590604 0.6242685589519651 0.04333053691275175 0.028176855895196445
4 0.8877768456375839 0.6256768558951965 0.04544463087248328 0.030993449781659497
4 0.943473154362416 0.6249126637554585 0.04713087248322134 0.028406113537117885