5 0.50189 0.037508 0.6616360000000001 0.04616
2 0.12858 0.161044 0.12423800000000002 0.02858000000000002
4 0.09852999999999999 0.19294 0.16866799999999998 0.01731199999999999
4 0.127388 0.22192800000000001 0.24245599999999995 0.0335
4 0.130194 0.2511 0.23360199999999995 0.02005600000000004
0 0.127424 0.292896 0.06895599999999999 0.045792000000000006
4 0.07628200000000002 0.333372 0.140242 0.020672000000000027
1 0.064528 0.417188 0.101198 0.13366000000000003
1 0.190914 0.41477200000000003 0.101648 0.12133199999999997
1 0.11982399999999997 0.5189520000000001 0.215542 0.017907999999999993
1 0.127776 0.64264 0.19876600000000003 0.22242399999999998
2 0.376144 0.162396 0.05157200000000003 0.028003999999999998
4 0.375838 0.199264 0.24274799999999996 0.034244000000000004
1 0.374492 0.338932 0.20095 0.23644000000000007
2 0.376282 0.48798400000000003 0.08828000000000003 0.02561200000000008
4 0.360714 0.5128560000000001 0.200712 0.016428000000000064
1 0.374854 0.601352 0.23113600000000006 0.15913199999999997
2 0.37551999999999996 0.701152 0.05086199999999999 0.020163999999999942
4 0.314606 0.72382 0.10742600000000002 0.01942399999999998
1 0.37212 0.821436 0.234242 0.1718040000000001
4 0.364652 0.9203520000000001 0.20859199999999997 0.016063999999999943
4 0.341356 0.937808 0.16307200000000002 0.017763999999999943
4 0.36852399999999996 0.957616 0.21687000000000003 0.019879999999999926
3 0.6178739999999999 0.8569760000000001 0.22913999999999995 0.11752799999999998
4 0.623592 0.777384 0.11575799999999999 0.01941200000000008
0 0.6239680000000001 0.680088 0.22093400000000002 0.05577199999999993
4 0.623738 0.724272 0.0696 0.016184000000000014
4 0.623576 0.7430439999999999 0.07405 0.015531999999999971
0 0.623366 0.617684 0.1481119999999999 0.04364400000000005
4 0.570372 0.584792 0.11995 0.01796800000000003
4 0.623884 0.557976 0.06463999999999996 0.017807999999999994
4 0.62325 0.539408 0.06957800000000007 0.01695599999999995
0 0.624588 0.484716 0.23554400000000006 0.04889599999999991
0 0.624336 0.42641599999999996 0.15243999999999996 0.03447199999999998
4 0.58473 0.393832 0.15105 0.01801199999999999
4 0.623712 0.34726399999999996 0.08243600000000006 0.01941199999999999
4 0.623532 0.365628 0.11120200000000004 0.015080000000000019
4 0.551758 0.20318000000000003 0.08558600000000006 0.017712000000000012
2 0.624768 0.17641600000000002 0.09362199999999994 0.02338800000000001
0 0.554392 0.29293600000000003 0.03928799999999992 0.04826000000000004
0 0.6117319999999999 0.292544 0.04701800000000003 0.046519999999999985
0 0.684154 0.295112 0.06247199999999994 0.04974399999999996
4 0.57586 0.237148 0.04259599999999991 0.03121999999999998
4 0.632336 0.23751599999999998 0.041436000000000056 0.031
4 0.7056859999999999 0.23727600000000001 0.043945999999999916 0.03433999999999996
4 0.6269640000000001 0.449216 0.14337000000000008 0.00881200000000008
4 0.872476 0.16268 0.11160200000000005 0.02018800000000001
1 0.870674 0.329712 0.19419799999999995 0.29183600000000004
1 0.867792 0.6167600000000001 0.23698400000000003 0.16344799999999995
4 0.8720459999999999 0.511096 0.08200600000000013 0.023452000000000042
1 0.873008 0.8305600000000001 0.19737799999999997 0.1649920000000001