5 0.43559722222222225 0.045274999999999996 0.857975 0.05087916666666667
2 0.030727777777777777 0.22277916666666664 0.04563055555555555 0.024129166666666677
2 0.047544444444444445 0.38606666666666667 0.0792611111111111 0.022762500000000047
4 0.164775 0.30145833333333333 0.3147111111111111 0.13104166666666667
4 0.16471666666666668 0.4462958333333333 0.3136055555555556 0.0898041666666667
1 0.06832500000000001 0.5462791666666666 0.12180833333333332 0.09537916666666661
1 0.24574166666666666 0.5478833333333334 0.14721944444444446 0.09859166666666662
1 0.05987777777777778 0.7083791666666667 0.10293611111111113 0.17176666666666676
1 0.23684444444444444 0.7043583333333333 0.16701666666666667 0.17262916666666664
2 0.03950555555555556 0.8073958333333333 0.06417222222222223 0.025537499999999984
4 0.03282777777777778 0.8323875000000001 0.050074999999999995 0.02070833333333326
0 0.044136111111111105 0.8604583333333333 0.06646111111111111 0.030112500000000087
0 0.08431666666666669 0.9094875 0.14993888888888887 0.04404166666666659
0 0.10164166666666666 0.9576666666666667 0.18458611111111112 0.039908333333333226
4 0.2598972222222222 0.8596458333333333 0.12328888888888886 0.039004166666666625
4 0.25982222222222223 0.9066500000000001 0.12547222222222223 0.03369166666666653
4 0.25892777777777776 0.9581166666666667 0.1252416666666667 0.03963333333333329
1 0.4997361111111111 0.9034583333333334 0.3396666666666666 0.15934999999999994
4 0.36940277777777775 0.7961041666666667 0.08366944444444445 0.018254166666666644
4 0.4584388888888889 0.8120625 0.26100833333333334 0.012233333333333386
1 0.5005166666666666 0.6910083333333333 0.34075833333333333 0.16958750000000009
1 0.4292888888888889 0.5038250000000001 0.17409444444444439 0.1567208333333334
1 0.5928749999999999 0.505175 0.13921388888888891 0.16024583333333334
4 0.4494250000000001 0.40651666666666664 0.24187500000000006 0.019054166666666674
4 0.3762611111111111 0.3858916666666667 0.09885000000000004 0.02072083333333334
0 0.37170555555555557 0.2555541666666667 0.07818333333333334 0.018383333333333286
0 0.3944388888888889 0.2775083333333333 0.12419999999999996 0.024325000000000045
0 0.4090388888888889 0.31175416666666667 0.15504999999999997 0.04247083333333336
4 0.5817944444444445 0.2542666666666667 0.17152777777777778 0.027358333333333366
4 0.5818472222222223 0.29515 0.17328611111111109 0.03732083333333331
4 0.3834722222222222 0.2240125 0.11051944444444442 0.01967083333333335
2 0.3571861111111111 0.35739583333333336 0.05794722222222226 0.027279166666666677
4 0.7174166666666666 0.22300000000000003 0.08027499999999994 0.022166666666666685
4 0.8040916666666666 0.24542916666666664 0.2541305555555555 0.01659166666666664
1 0.7255888888888888 0.33017916666666663 0.09488611111111116 0.14507500000000004
1 0.8314888888888889 0.33339166666666664 0.09315000000000004 0.1399
1 0.9386833333333334 0.33329583333333335 0.09709444444444443 0.14318333333333338
4 0.7548194444444444 0.4141875 0.15257499999999988 0.01715833333333336
4 0.8253638888888889 0.43394583333333336 0.295988888888889 0.019537499999999996
4 0.7183999999999999 0.45620000000000005 0.06099166666666658 0.014320833333333288
4 0.7556583333333333 0.4733708333333333 0.13372499999999996 0.014775000000000016
4 0.6973111111111111 0.4904041666666667 0.01703333333333325 0.016733333333333274
4 0.796875 0.50695 0.21675555555555548 0.0159375
4 0.7064611111111112 0.524275 0.03592222222222214 0.014908333333333417
4 0.8354805555555556 0.5414833333333333 0.2945583333333333 0.018108333333333348
1 0.7111222222222222 0.6245583333333333 0.0618972222222222 0.14145000000000002
1 0.8166055555555556 0.6228208333333334 0.08616944444444445 0.1388708333333333
1 0.9323611111111111 0.6234083333333333 0.11255833333333334 0.13915416666666658
1 0.8350166666666666 0.7599541666666667 0.3132555555555556 0.12953749999999994
2 0.71125 0.8363125 0.06869166666666665 0.01648333333333331
4 0.8338361111111111 0.8821458333333334 0.3144583333333334 0.06890833333333338
2 0.7112833333333333 0.93535 0.0693527777777778 0.019245833333333167