5 0.2618489583333333 0.07858940972222223 0.49861979166666665 0.07615885416666668
2 0.05786168981481481 0.16615885416666665 0.08293113425925926 0.037174479166666656
4 0.252494212962963 0.22723524305555554 0.4760503472222222 0.07831597222222225
4 0.25189525462962964 0.2957118055555556 0.4787123842592592 0.05612413194444442
4 0.2504166666666667 0.35499131944444445 0.46976851851851853 0.05285590277777777
4 0.2433767361111111 0.42464409722222224 0.4556886574074074 0.025065104166666668
0 0.19598090277777777 0.4848741319444445 0.29877893518518517 0.04912760416666669
4 0.20770543981481482 0.52734375 0.10692997685185184 0.02320746527777769
0 0.2222829861111111 0.5881857638888889 0.3620891203703704 0.051705729166666714
4 0.20952546296296296 0.6276562499999999 0.17912326388888888 0.018181423611111056
1 0.1329369212962963 0.7656901041666667 0.1416261574074074 0.12715711805555566
3 0.33662326388888886 0.7599913194444444 0.19017361111111108 0.12057291666666675
3 0.1392505787037037 0.9131336805555557 0.1917418981481481 0.11677083333333332
3 0.3379079861111111 0.9117621527777777 0.19595775462962964 0.11563802083333335
4 0.22330729166666666 0.9848307291666667 0.17883680555555553 0.022382812499999873
2 0.5533304398148148 0.15758680555555554 0.10945601851851844 0.029188368055555556
4 0.7294444444444445 0.20340711805555556 0.4606105324074074 0.05174045138888891
4 0.7366493055555556 0.2772352430555556 0.47502025462962966 0.08371527777777782
4 0.7361429398148148 0.3483072916666667 0.47079282407407413 0.050733506944444486
1 0.7356105324074074 0.5370920138888889 0.48793692129629634 0.28048611111111105
1 0.5919733796296296 0.823302951388889 0.29613136574074067 0.1976779513888889
4 0.5997974537037037 0.9475954861111112 0.20560474537037035 0.025030381944444475
1 0.8648987268518519 0.7613628472222222 0.23238425925925923 0.10243055555555555
3 0.8673755787037037 0.8842664930555555 0.22769675925925928 0.0895616319444445
4 0.8668344907407408 0.9540407986111111 0.21375868055555555 0.025065104166666668