5 0.5046132142017399 0.02598730606488012 0.4856736421349635 0.040218617771509174
2 0.0996237949682577 0.182302538787024 0.19043498706795203 0.02544428772919606
4 0.09822478250646602 0.21175599435825104 0.15239125323301198 0.02121650211565588
4 0.1736703503409358 0.24612482369534555 0.2592264284034799 0.0473730606488011
4 0.20252762755701859 0.2968794076163611 0.26505055255114035 0.0446403385049365
4 0.20194686103926637 0.3562764456981664 0.264867152598166 0.06505994358251058
4 0.08898894897719258 0.403836389280677 0.1329414530919351 0.020701692524682666
4 0.07418528097813308 0.42918547249647393 0.05633905478485775 0.021477433004231262
4 0.11401598871384906 0.4524365303244005 0.1350223371737597 0.022461212976022504
4 0.17347519398071948 0.5011036671368124 0.30093345873501054 0.025828631875881525
4 0.17128615095226898 0.527598730606488 0.25249941217963795 0.024499294781382235
1 0.1147354808370562 0.5849118476727786 0.15016694098283562 0.07451692524682649
1 0.24286621208558667 0.5831346967559944 0.0999858923113097 0.07390338504936536
4 0.15661650599576768 0.6598236953455571 0.2672184340465554 0.045222143864598024
4 0.0936280272748648 0.695419605077574 0.13928285915824123 0.023917489421720707
4 0.18173994827180814 0.7566643159379408 0.27830237479426284 0.09501410437235544
4 0.17286621208558667 0.8283251057827927 0.26153538678579824 0.044527503526093
1 0.16019280507876793 0.9239280677009873 0.21464848342346582 0.140299717912553
4 0.49316482482953206 0.20081805359661495 0.27064425111685875 0.0610049365303244
4 0.5144039501528334 0.290172778561354 0.26220785328003765 0.10022919605077574
4 0.5060733599811897 0.3639527503526093 0.2445708911356689 0.027559943582510568
1 0.4544697860333882 0.4451198871650211 0.23143428168351757 0.11941819464033854
1 0.617089113566894 0.43655500705218614 0.08379261697625204 0.1022884344146686
4 0.4926757582882671 0.5681770098730606 0.2921843404655537 0.04692172073342742
4 0.49088643310604274 0.6177186177715092 0.2886033388196568 0.046170662905500724
2 0.37570420879379257 0.670592383638928 0.05628262403009638 0.02564527503526094
4 0.48160122266635313 0.705892101551481 0.24066306136844579 0.019897743300423074
4 0.4723207147895603 0.7385613540197461 0.17510463202445328 0.02063117066290558
0 0.48610627792146716 0.7723095909732017 0.18799435692452385 0.0411495063469675
4 0.4891652950858218 0.8043194640338506 0.2068375264519163 0.022947813822284883
0 0.49119445097578185 0.8329866008462623 0.20306136844580294 0.025952045133991665
4 0.5123465788854926 0.8653032440056417 0.25319774276980955 0.030387870239774434
0 0.5004561486009875 0.8979795486600847 0.20787914413355277 0.031142454160789743
4 0.5075711262638137 0.9309485190409027 0.24169292264284037 0.02513751763046543
0 0.5251939807194922 0.9632193229901269 0.18001175640724199 0.026544428772919515
4 0.4073148365859393 0.9616431593794076 0.044114742534681374 0.021921720733427387
2 0.7113919586174465 0.8458392101551482 0.07560545497296031 0.02229548660084611
4 0.8448342346578885 0.8858991537376586 0.2945191629438044 0.04368829337094486
4 0.845078767928521 0.9517524682651622 0.294027745121091 0.07408674188998578
3 0.8204161768163649 0.663388575458392 0.19966611803432877 0.07053949224259527
1 0.8280648953679756 0.7456205923836389 0.22671290853515166 0.0861424541607899
1 0.7662638137785093 0.4622214386459802 0.11975311544791921 0.13746473906911139
1 0.8903315306842229 0.46269393511988716 0.12312485304490939 0.14282087447108602
2 0.7144063014342816 0.3625176304654443 0.07869974135904069 0.02762693935119884
4 0.8295250411474253 0.5625317348377997 0.25019280507876784 0.0561918194640339
4 0.8202327768633905 0.6147743300423131 0.2668539854220551 0.024132581100141062
4 0.8292287796849283 0.8115867418899858 0.2280601928050789 0.040416078984485154
0 0.8108229485069363 0.33373765867418903 0.1413190688925464 0.028794076163610748
4 0.8440747707500587 0.286459802538787 0.25383964260521974 0.05316643159379407
4 0.85132847401834 0.2090514809590973 0.2673665647778039 0.024619181946403362
0 0.8123019045379731 0.2410190409026798 0.11098753820832348 0.03422425952045132
4 0.7646602398307077 0.17839562764456982 0.14396190924053598 0.02350493653032439