5 0.32815498154981554 0.04921333333333333 0.6424723247232473 0.051759999999999994
2 0.115119926199262 0.14060666666666666 0.14029981549815498 0.04121333333333333
3 0.49373616236162365 0.21968 0.9228920664206641 0.10935999999999997
2 0.1658579335793358 0.30168666666666666 0.12184501845018449 0.0400466666666667
2 0.6091835793357934 0.3028266666666667 0.21744926199261985 0.04232666666666667
2 0.13272601476014761 0.63052 0.06941881918819189 0.041039999999999965
2 0.5913837638376384 0.6286733333333333 0.07345479704797048 0.03401333333333332
4 0.26374077490774905 0.38914000000000004 0.4260055350553505 0.08494666666666671
4 0.24614391143911438 0.49118666666666666 0.3908118081180812 0.06570666666666664
4 0.6131319188191882 0.46082 0.19535977859778597 0.22830000000000003
1 0.8313191881918819 0.43773333333333336 0.2304474169741698 0.18880000000000002
4 0.1997739852398524 0.68028 0.29576568265682657 0.030559999999999945
4 0.2250230627306273 0.7407466666666666 0.3439575645756458 0.08149333333333318
4 0.22595940959409594 0.8101933333333333 0.34813653136531364 0.05372666666666676
4 0.21674815498154984 0.8659933333333334 0.3274077490774908 0.05199333333333319
1 0.7101706642066421 0.7384533333333334 0.4032795202952029 0.15023333333333327
4 0.5520064575645757 0.8288333333333333 0.08213560885608864 0.023846666666666655
4 0.7156688191881918 0.85316 0.3827998154981549 0.022046666666666777
4 0.7159225092250922 0.8752933333333334 0.3820479704797047 0.0176866666666668
4 0.7405765682656826 0.9018733333333333 0.4307195571955718 0.024973333333333358