5 0.49970703125 0.05865268396729471 0.5790097656250002 0.08566299324564523
2 0.16124023437499999 0.19713117667970137 0.15653125 0.026054034838250965
4 0.1618203125 0.2678386064699609 0.30676171874999997 0.0975471027372911
1 0.10516796875000001 0.3865623889086385 0.20226367187500002 0.13195520796302881
4 0.25691406250000004 0.38029861357980804 0.091841796875 0.11542481336651264
4 0.261140625 0.4985709207252044 0.09882617187499995 0.11686811233558478
3 0.10482617187500001 0.5100533238535372 0.196443359375 0.10510842516885889
1 0.16107226562500002 0.6936793458940633 0.306734375 0.25996800568787776
4 0.058123046874999994 0.8361251333096338 0.079779296875 0.016054034838250925
4 0.1649296875 0.8610878066121578 0.291912109375 0.032179168147884976
4 0.162390625 0.8945147529328119 0.28683203125 0.029960895840739334
4 0.157953125 0.9291432634198364 0.27715234375 0.03308567365801625
4 0.15101953125 0.9633274084607182 0.26228515625000004 0.031709918236757846
2 0.4925 0.1973373622467117 0.05565429687499997 0.021969427657305352
4 0.384212890625 0.22843583362957698 0.102357421875 0.015901173124777825
4 0.491431640625 0.26157483114113045 0.336294921875 0.04941343761109136
4 0.402001953125 0.7349840028439389 0.13793554687499995 0.017355136864557388
1 0.4923046875 0.8079274795591894 0.33204101562500005 0.12228581585495904
4 0.407970703125 0.881862779950231 0.14970703125 0.01676501955207958
1 0.49466992187500003 0.942456452186278 0.35027148437500005 0.10328474937788837
1 0.49290429687500004 0.5049413437611092 0.31890820312499996 0.4317916814788482
2 0.83126953125 0.19609313899751155 0.07664062499999993 0.024809811589050823
4 0.73362890625 0.2259971560611447 0.10462304687500001 0.018642019196587294
4 0.7315371093749999 0.5872342694632066 0.09879101562500008 0.015357269818698832
4 0.713388671875 0.732332029861358 0.062492187500000004 0.014653394952008542
3 0.83066796875 0.40665126199786705 0.3110585937499999 0.33196231781016705
3 0.7578984375 0.6495840739424102 0.14986523437500007 0.08607891930323494
1 0.91671484375 0.6640241734802702 0.13219335937499999 0.15544614290792738
1 0.78413671875 0.8675364379665838 0.19630078125000008 0.24307856381087797
1 0.94013671875 0.7708887308922859 0.09912500000000009 0.0437859936011376
1 0.9406210937499999 0.8133025239957341 0.09844531250000017 0.029648062566654688
1 0.939798828125 0.8554639175257732 0.09680273437499984 0.04499466761464618
1 0.938994140625 0.9139424102381799 0.0935429687500001 0.05848560255954512
1 0.939748046875 0.9723355847849271 0.09587695312499989 0.04481336651262012