5 0.5104305555555555 0.04291666666666667 0.4698541666666668 0.037479166666666654
2 0.05497916666666667 0.17763541666666666 0.05316666666666667 0.02376041666666667
2 0.3841875 0.17691666666666667 0.04700694444444448 0.02461458333333333
2 0.06575694444444444 0.5783541666666667 0.07319444444444444 0.021687499999999933
4 0.17538194444444447 0.26697916666666666 0.2924375 0.11263541666666667
1 0.1709513888888889 0.43635416666666665 0.26976388888888886 0.1912291666666667
4 0.17156944444444444 0.6813854166666666 0.2894097222222222 0.1540833333333334
1 0.17222916666666666 0.8554583333333333 0.29688194444444443 0.17761458333333333
4 0.4993680555555556 0.25316666666666665 0.27888888888888896 0.11494791666666664
1 0.4988402777777778 0.3953541666666667 0.27631250000000007 0.14608333333333334
4 0.3996180555555556 0.5536666666666666 0.07938888888888884 0.020656249999999925
4 0.4964027777777778 0.5769895833333333 0.2687083333333334 0.024260416666666628
0 0.49298611111111107 0.6044479166666666 0.16152083333333328 0.018447916666666706
4 0.4009166666666667 0.6308333333333334 0.07862500000000001 0.01771874999999999
4 0.45810416666666665 0.6486145833333333 0.19520138888888883 0.014343749999999982
0 0.49865972222222227 0.6738645833333333 0.2710208333333333 0.0225833333333334
4 0.4170555555555555 0.71209375 0.11089583333333337 0.017822916666666563
4 0.5039305555555555 0.7710312500000001 0.28640277777777784 0.09740624999999999
4 0.40302083333333333 0.8431458333333333 0.08591666666666668 0.017812499999999905
4 0.504986111111111 0.8961979166666667 0.2871944444444444 0.08627083333333327
1 0.8446805555555555 0.33267708333333335 0.28290972222222216 0.30491666666666667
1 0.8484027777777778 0.6920416666666667 0.2848333333333333 0.30443749999999997